item_id	releasedate	action	adventure	animation	children	comedy	crime	Documentary	Drama	Fantasy	film_noir	horror	musical	mystery	romance	sci_fi	thriller	war	western
1	788889600.0	0	0	1	1	1	0	0	0	0	0	0	0	0	0	0	0	0	0
2	788889600.0	1	1	0	0	0	0	0	0	0	0	0	0	0	0	0	1	0	0
3	788889600.0	0	0	0	0	0	0	0	0	0	0	0	0	0	0	0	1	0	0
4	788889600.0	1	0	0	0	1	0	0	1	0	0	0	0	0	0	0	0	0	0
5	788889600.0	0	0	0	0	0	1	0	1	0	0	0	0	0	0	0	1	0	0
6	788889600.0	0	0	0	0	0	0	0	1	0	0	0	0	0	0	0	0	0	0
7	788889600.0	0	0	0	0	0	0	0	1	0	0	0	0	0	0	1	0	0	0
8	788889600.0	0	0	0	1	1	0	0	1	0	0	0	0	0	0	0	0	0	0
9	788889600.0	0	0	0	0	0	0	0	1	0	0	0	0	0	0	0	0	0	0
10	822240000.0	0	0	0	0	0	0	0	1	0	0	0	0	0	0	0	0	1	0
11	788889600.0	0	0	0	0	0	1	0	0	0	0	0	0	0	0	0	1	0	0
12	808329600.0	0	0	0	0	0	1	0	0	0	0	0	0	0	0	0	1	0	0
13	814982400.0	0	0	0	0	1	0	0	0	0	0	0	0	0	0	0	0	0	0
14	757353600.0	0	0	0	0	0	0	0	1	0	0	0	0	0	1	0	0	0	0
15	822844800.0	0	0	0	0	0	0	0	1	0	0	0	0	0	0	0	0	0	0
16	788889600.0	0	0	0	0	1	0	0	0	0	0	0	0	0	1	0	0	0	0
17	823449600.0	1	0	0	0	1	1	0	0	0	0	1	0	0	0	0	1	0	0
18	788889600.0	0	0	0	0	0	0	0	1	0	0	0	0	0	0	0	0	0	0
19	788889600.0	0	0	0	0	0	0	0	1	0	0	0	0	0	0	0	0	0	0
20	788889600.0	0	0	0	0	0	0	0	1	0	0	0	0	0	1	0	0	0	0
21	824400000.0	1	1	0	0	1	0	0	0	0	0	0	1	0	0	0	1	0	0
22	824400000.0	1	0	0	0	0	0	0	1	0	0	0	0	0	0	0	0	1	0
23	824400000.0	0	0	0	0	0	0	0	1	0	0	0	0	0	0	0	1	0	0
24	825004800.0	1	1	0	0	0	1	0	0	0	0	0	0	0	0	0	0	0	0
25	826214400.0	0	0	0	0	1	0	0	0	0	0	0	0	0	0	0	0	0	0
26	788889600.0	0	0	0	0	1	0	0	0	0	0	0	0	0	0	0	0	0	0
27	788889600.0	1	0	0	0	0	0	0	0	0	0	0	0	0	0	0	0	0	0
28	788889600.0	1	0	0	0	0	0	0	1	0	0	0	0	0	0	0	1	0	0
29	788889600.0	1	1	0	0	1	1	0	0	0	0	0	0	0	0	0	0	0	0
30	-94723200.0	0	0	0	0	0	0	0	1	0	0	0	0	0	0	0	0	0	0
31	788889600.0	0	0	0	0	0	0	0	1	0	0	0	0	0	0	0	1	1	0
32	757353600.0	0	0	0	0	0	0	1	0	0	0	0	0	0	0	0	0	0	0
33	788889600.0	1	0	0	0	0	0	0	0	0	0	0	0	0	1	0	1	0	0
34	788889600.0	0	0	0	0	1	0	0	1	0	0	0	0	0	0	0	0	0	0
35	788889600.0	0	1	0	1	0	0	0	1	0	0	0	0	0	0	0	0	0	0
36	788889600.0	0	0	0	0	0	0	0	1	0	0	0	0	0	1	0	0	0	0
37	757353600.0	0	0	0	0	0	0	0	1	0	0	0	0	0	0	0	0	0	0
38	788889600.0	0	0	0	0	0	0	0	0	0	0	0	0	0	0	1	1	0	0
39	788889600.0	1	0	0	0	0	1	0	0	0	0	0	0	0	0	1	0	0	0
40	788889600.0	0	0	0	0	1	0	0	0	0	0	0	0	0	0	0	0	0	0
41	788889600.0	0	0	0	0	1	0	0	0	0	0	0	0	0	0	0	0	0	0
42	757353600.0	0	0	0	0	1	0	0	0	0	0	0	0	0	0	0	0	0	0
43	757353600.0	0	0	0	0	0	0	0	1	0	0	0	0	0	0	0	1	0	0
44	757353600.0	0	0	0	0	0	0	0	1	0	0	0	0	0	0	0	1	0	0
45	757353600.0	0	0	0	0	1	0	0	1	0	0	0	0	0	0	0	0	0	0
46	757353600.0	0	0	0	0	0	0	0	1	0	0	0	0	0	0	0	0	0	0
47	757353600.0	0	0	0	0	1	0	0	1	0	0	0	0	0	0	0	0	0	0
48	757353600.0	0	0	0	0	0	0	1	0	0	0	0	0	0	0	0	0	0	0
49	757353600.0	0	0	0	0	1	0	0	0	0	0	0	0	0	1	0	0	0	0
50	220896000.0	1	1	0	0	0	0	0	0	0	0	0	0	0	1	1	0	1	0
51	757353600.0	0	0	0	0	0	0	0	1	0	0	0	0	0	1	0	0	1	1
52	757353600.0	0	0	0	0	0	0	0	1	0	0	0	0	0	0	0	0	0	0
53	757353600.0	1	0	0	0	0	0	0	0	0	0	0	0	0	0	0	1	0	0
54	788889600.0	1	0	0	0	0	0	0	1	0	0	0	0	0	0	0	1	0	0
55	757353600.0	0	0	0	0	0	1	0	1	0	0	0	0	0	1	0	1	0	0
56	757353600.0	0	0	0	0	0	1	0	1	0	0	0	0	0	0	0	0	0	0
57	757353600.0	0	0	0	0	0	0	0	1	0	0	0	0	0	0	0	0	0	0
58	757353600.0	0	0	0	0	0	0	0	1	0	0	0	0	0	0	0	0	0	0
59	757353600.0	0	0	0	0	0	0	0	1	0	0	0	0	0	0	0	0	0	0
60	725817600.0	0	0	0	0	0	0	0	1	0	0	0	0	0	0	0	0	0	0
61	757353600.0	0	0	0	0	0	0	0	1	0	0	0	0	0	0	0	0	0	0
62	757353600.0	1	1	0	0	0	0	0	0	0	0	0	0	0	0	1	0	0	0
63	757353600.0	0	0	0	1	1	0	0	0	0	0	0	0	0	0	0	0	0	0
64	757353600.0	0	0	0	0	0	0	0	1	0	0	0	0	0	0	0	0	0	0
65	725817600.0	0	0	0	0	1	0	0	1	0	0	0	0	0	0	0	0	0	0
66	788889600.0	0	0	0	0	1	0	0	0	0	0	0	0	0	1	0	0	0	0
67	757353600.0	0	0	0	0	1	0	0	0	0	0	0	0	0	0	0	0	0	0
68	757353600.0	1	0	0	0	0	0	0	0	0	0	0	0	0	1	0	1	0	0
69	757353600.0	0	0	0	0	1	0	0	0	0	0	0	0	0	1	0	0	1	0
70	757353600.0	0	0	0	0	1	0	0	0	0	0	0	0	0	1	0	0	0	0
71	757353600.0	0	0	1	1	0	0	0	0	0	0	0	1	0	0	0	0	0	0
72	757353600.0	0	0	0	0	1	1	0	0	1	0	0	0	0	0	0	0	0	0
73	757353600.0	1	0	0	0	1	0	0	0	0	0	0	0	0	0	0	0	0	1
74	-157795200.0	1	0	0	0	1	0	0	1	0	0	0	0	0	0	0	0	0	0
75	757353600.0	0	0	0	0	0	0	1	0	0	0	0	0	0	0	0	0	0	0
76	725817600.0	0	0	0	0	0	1	0	1	0	0	0	0	0	0	0	0	0	0
77	725817600.0	0	0	0	0	0	0	0	1	0	0	0	0	0	0	0	1	0	0
78	725817600.0	0	1	0	1	0	0	0	1	0	0	0	0	0	0	0	0	0	0
79	725817600.0	1	0	0	0	0	0	0	0	0	0	0	0	0	0	0	1	0	0
80	725817600.0	1	0	0	0	1	0	0	0	0	0	0	0	0	0	0	0	1	0
81	757353600.0	0	0	0	0	1	0	0	0	0	0	0	0	0	1	0	0	0	0
82	725817600.0	1	1	0	0	0	0	0	0	0	0	0	0	0	0	1	0	0	0
83	725817600.0	0	0	0	0	1	0	0	0	0	0	0	0	0	1	0	0	0	0
84	757353600.0	0	0	0	0	0	0	0	0	0	0	1	0	0	0	1	0	0	0
85	757353600.0	0	0	0	0	1	0	0	0	0	0	0	0	0	0	0	0	0	0
86	725817600.0	0	0	0	0	0	0	0	1	0	0	0	0	0	0	0	0	0	0
87	725817600.0	0	0	0	0	0	0	0	1	0	0	0	0	0	0	0	0	0	0
88	725817600.0	0	0	0	0	1	0	0	0	0	0	0	0	0	1	0	0	0	0
89	378662400.0	0	0	0	0	0	0	0	0	0	1	0	0	0	0	1	0	0	0
90	725817600.0	0	0	0	0	1	0	0	0	0	0	0	0	0	1	0	1	0	0
91	725817600.0	0	0	0	1	1	0	0	0	0	0	0	1	0	0	0	0	0	0
92	725817600.0	1	0	0	0	0	1	0	0	0	0	0	0	0	1	0	0	0	0
93	832867200.0	0	0	0	0	1	0	0	1	0	0	0	0	0	0	0	0	0	0
94	631123200.0	0	0	0	1	1	0	0	0	0	0	0	0	0	0	0	0	0	0
95	694195200.0	0	0	1	1	1	0	0	0	0	0	0	1	0	0	0	0	0	0
96	662659200.0	1	0	0	0	0	0	0	0	0	0	0	0	0	0	1	1	0	0
97	631123200.0	0	1	0	0	0	0	0	1	0	0	0	0	0	0	0	0	0	1
98	662659200.0	0	0	0	0	0	0	0	1	0	0	0	0	0	0	0	1	0	0
99	-1041408000.0	0	0	1	1	0	0	0	0	0	0	0	1	0	0	0	0	0	0
100	855849600.0	0	0	0	0	0	1	0	1	0	0	0	0	0	0	0	1	0	0
101	352828800.0	1	1	1	0	0	0	0	0	0	0	1	0	0	0	1	0	0	0
102	-28800.0	0	0	1	1	0	0	0	0	0	0	0	0	0	0	0	0	0	0
103	828028800.0	0	0	1	1	0	0	0	0	0	0	0	1	0	0	0	0	0	0
104	828028800.0	0	0	0	0	1	0	0	0	0	0	0	0	0	0	0	0	0	0
105	828028800.0	0	0	0	0	1	0	0	0	0	0	0	0	0	0	0	0	0	0
106	820425600.0	0	0	0	0	0	0	0	1	0	0	0	0	0	0	0	1	0	0
107	834681600.0	0	0	0	0	0	0	0	1	0	0	0	0	0	0	0	0	0	0
108	829238400.0	0	0	0	0	1	0	0	0	0	0	0	0	0	0	0	0	0	0
109	829843200.0	0	0	0	0	1	0	0	0	0	0	0	0	0	0	1	0	0	0
110	788889600.0	1	1	0	0	1	0	0	0	0	0	0	0	0	0	0	0	1	0
111	830448000.0	0	0	0	0	1	0	0	0	0	0	0	0	0	1	0	0	0	0
112	831657600.0	0	1	0	1	0	0	0	0	0	0	0	0	0	0	0	0	0	0
113	829843200.0	0	0	0	0	0	0	0	1	0	0	0	0	0	0	0	0	0	0
114	828633600.0	0	0	1	0	0	0	0	0	0	0	0	0	0	0	0	0	0	0
115	830448000.0	0	0	0	0	0	0	1	0	0	0	0	0	0	0	0	0	0	0
116	830188800.0	0	0	0	0	1	0	0	0	0	0	0	0	0	0	0	0	0	0
117	834076800.0	1	1	0	0	0	0	0	0	0	0	0	0	0	0	0	1	0	0
118	831657600.0	1	1	0	0	0	0	0	0	0	0	0	0	0	0	0	1	0	0
119	757353600.0	0	0	0	0	0	0	1	0	0	0	0	0	0	0	0	0	0	0
120	835891200.0	0	0	0	0	1	1	0	0	0	0	0	0	0	0	0	0	0	0
121	836323200.0	1	0	0	0	0	0	0	0	0	0	0	0	0	0	1	0	1	0
122	834681600.0	0	0	0	0	1	0	0	0	0	0	0	0	0	0	0	0	0	0
123	837705600.0	0	0	0	0	1	0	0	0	0	0	1	0	0	0	0	0	0	0
124	835286400.0	0	0	0	0	0	0	0	1	0	0	0	0	1	0	0	0	0	0
125	835977600.0	0	0	0	0	0	0	0	1	0	0	0	0	0	1	0	0	0	0
126	841939200.0	0	0	0	0	0	0	0	1	0	0	0	0	0	0	0	0	0	0
127	63043200.0	1	0	0	0	0	1	0	1	0	0	0	0	0	0	0	0	0	0
128	838310400.0	1	0	0	0	0	0	0	0	0	0	0	0	0	0	0	1	0	0
129	844358400.0	0	0	0	0	0	1	0	1	0	0	0	0	0	1	0	1	0	0
130	840124800.0	0	0	0	0	0	1	0	0	0	0	0	0	0	0	0	0	0	0
131	-284025600.0	0	0	0	0	0	0	0	1	0	0	0	0	0	1	0	0	0	0
132	-978336000.0	0	1	0	1	0	0	0	1	0	0	0	1	0	0	0	0	0	0
133	-978336000.0	0	0	0	0	0	0	0	1	0	0	0	0	0	1	0	0	1	0
134	-915177600.0	0	0	0	0	0	0	0	1	0	0	0	0	0	0	0	0	0	0
135	-63187200.0	0	0	0	0	0	0	0	1	0	0	0	0	1	0	1	1	0	0
136	-978336000.0	0	0	0	0	0	0	0	1	0	0	0	0	0	0	0	0	0	0
137	843148800.0	0	0	0	0	0	0	0	1	0	0	0	0	0	0	0	0	0	0
138	844358400.0	0	0	0	1	1	0	0	0	0	0	0	0	0	0	0	0	0	0
139	-31564800.0	0	0	0	1	1	0	0	0	0	0	0	0	0	0	0	0	0	0
140	725817600.0	0	1	0	1	0	0	0	0	0	0	0	0	0	0	0	0	0	0
141	-504950400.0	0	1	0	1	0	0	0	0	1	0	0	0	0	0	1	0	0	0
142	31507200.0	0	1	0	1	0	0	0	0	0	0	0	1	0	0	0	0	0	0
143	-157795200.0	0	0	0	0	0	0	0	0	0	0	0	1	0	0	0	0	0	0
144	567964800.0	1	0	0	0	0	0	0	0	0	0	0	0	0	0	0	1	0	0
145	694195200.0	1	0	0	0	0	0	0	0	0	0	0	0	0	0	1	1	0	0
146	846604800.0	0	0	0	0	0	0	0	1	0	0	0	0	0	0	0	0	0	0
147	844444800.0	1	0	0	0	0	0	0	0	0	0	0	0	0	0	0	1	0	0
148	844963200.0	1	1	0	0	0	0	0	0	0	0	0	0	0	0	0	0	0	0
149	846777600.0	0	0	0	0	0	0	0	1	0	0	0	0	0	0	0	0	0	0
150	845568000.0	0	0	0	0	1	0	0	1	0	0	0	0	0	0	0	0	0	0
151	31507200.0	0	1	0	1	1	0	0	0	0	0	0	0	0	0	0	0	0	0
152	94665600.0	0	0	0	0	1	0	0	0	0	0	0	0	0	0	1	0	0	0
153	567964800.0	0	0	0	0	1	0	0	0	0	0	0	0	0	0	0	0	0	0
154	283968000.0	0	0	0	0	1	0	0	0	0	0	0	0	0	0	0	0	0	0
155	536428800.0	0	0	0	0	0	0	0	0	0	0	0	1	0	1	0	0	0	0
156	694195200.0	0	0	0	0	0	1	0	0	0	0	0	0	0	0	0	1	0	0
157	504892800.0	0	0	0	0	0	0	0	1	0	0	0	0	0	0	0	0	1	0
158	599587200.0	0	0	0	0	1	0	0	0	0	0	0	0	0	0	0	0	0	0
159	694195200.0	0	0	0	0	0	0	0	0	0	0	0	0	1	0	0	1	0	0
160	694195200.0	0	0	0	0	0	0	0	1	0	0	0	0	0	0	0	0	0	0
161	504892800.0	1	0	0	0	0	0	0	0	0	0	0	0	0	1	0	0	0	0
162	347126400.0	0	0	0	0	0	0	0	1	0	0	0	0	0	0	0	0	0	0
163	126201600.0	0	0	0	0	1	0	0	0	0	0	0	0	0	0	0	0	0	0
164	599587200.0	1	1	0	0	0	0	0	0	0	0	0	0	0	0	1	1	0	0
165	504892800.0	0	0	0	0	0	0	0	1	0	0	0	0	0	0	0	0	0	0
166	504892800.0	0	0	0	0	0	0	0	1	0	0	0	0	0	0	0	0	0	0
167	315504000.0	0	0	0	0	1	0	0	0	0	0	0	0	0	0	0	0	0	0
168	126201600.0	0	0	0	0	1	0	0	0	0	0	0	0	0	0	0	0	0	0
169	725817600.0	0	0	1	0	1	0	0	0	0	0	0	0	0	0	0	0	0	0
170	567964800.0	0	0	0	0	1	0	0	1	0	0	0	0	0	1	0	0	0	0
171	662659200.0	0	0	0	0	1	0	0	0	0	0	0	0	0	0	1	0	0	0
172	315504000.0	1	1	0	0	0	0	0	1	0	0	0	0	0	1	1	0	1	0
173	536428800.0	1	1	0	0	1	0	0	0	0	0	0	0	0	1	0	0	0	0
174	347126400.0	1	1	0	0	0	0	0	0	0	0	0	0	0	0	0	0	0	0
175	473356800.0	0	0	0	0	0	0	0	0	0	0	0	0	0	0	1	0	0	0
176	504892800.0	1	0	0	0	0	0	0	0	0	0	0	0	0	0	1	1	1	0
177	-126259200.0	1	0	0	0	0	0	0	0	0	0	0	0	0	0	0	0	0	1
178	-410256000.0	0	0	0	0	0	0	0	1	0	0	0	0	0	0	0	0	0	0
179	31507200.0	0	0	0	0	0	0	0	0	0	0	0	0	0	0	1	0	0	0
180	283968000.0	0	0	0	0	0	0	0	1	0	0	0	0	0	0	0	0	1	0
181	858268800.0	1	1	0	0	0	0	0	0	0	0	0	0	0	1	1	0	1	0
182	631123200.0	0	0	0	0	0	1	0	1	0	0	0	0	0	0	0	0	0	0
183	283968000.0	1	0	0	0	0	0	0	0	0	0	1	0	0	0	1	1	0	0
184	725817600.0	1	1	0	0	1	0	0	0	0	0	1	0	0	0	1	0	0	0
185	-315648000.0	0	0	0	0	0	0	0	0	0	0	1	0	0	1	0	1	0	0
186	315504000.0	1	0	0	0	1	0	0	0	0	0	0	1	0	0	0	0	0	0
187	126201600.0	1	0	0	0	0	1	0	1	0	0	0	0	0	0	0	0	0	0
188	536428800.0	1	0	0	0	0	0	0	1	0	0	0	0	0	0	0	0	1	0
189	694195200.0	0	0	1	0	1	0	0	0	0	0	0	0	0	0	0	0	0	0
190	599587200.0	0	0	0	0	0	0	0	1	0	0	0	0	0	0	0	0	1	0
191	441734400.0	0	0	0	0	0	0	0	1	0	0	0	0	1	0	0	0	0	0
192	315504000.0	0	0	0	0	0	0	0	1	0	0	0	0	0	0	0	0	0	0
193	410198400.0	0	0	0	0	0	0	0	1	0	0	0	0	0	0	0	0	0	0
194	94665600.0	0	0	0	0	1	1	0	0	0	0	0	0	0	0	0	0	0	0
195	441734400.0	1	0	0	0	0	0	0	0	0	0	0	0	0	0	1	1	0	0
196	599587200.0	0	0	0	0	0	0	0	1	0	0	0	0	0	0	0	0	0	0
197	-94723200.0	0	0	0	0	0	0	0	1	0	0	0	0	0	1	0	0	0	0
198	631123200.0	0	0	0	0	0	0	0	0	0	0	0	0	0	0	0	1	0	0
199	-410256000.0	0	0	0	0	0	0	0	1	0	0	0	0	0	0	0	0	1	0
200	315504000.0	0	0	0	0	0	0	0	0	0	0	1	0	0	0	0	0	0	0
201	536428800.0	1	1	0	0	1	0	0	0	0	0	1	0	0	0	0	0	0	0
202	725817600.0	0	0	0	0	1	0	0	0	0	0	0	0	0	1	0	0	0	0
203	694195200.0	0	0	0	0	0	0	0	0	0	0	0	0	0	0	0	0	0	1
204	473356800.0	0	0	0	0	1	0	0	0	0	0	0	0	0	0	1	0	0	0
205	-28800.0	0	0	0	0	0	0	0	1	0	0	0	0	0	0	0	0	1	0
206	567964800.0	0	1	1	0	0	0	0	0	0	0	0	0	0	0	1	1	0	0
207	631123200.0	1	0	0	0	0	0	0	1	0	0	0	0	0	1	0	0	0	0
208	126201600.0	0	0	0	0	1	0	0	0	0	0	1	0	0	0	0	0	0	0
209	441734400.0	0	0	0	0	1	0	0	1	0	0	0	1	0	0	0	0	0	0
210	599587200.0	1	1	0	0	0	0	0	0	0	0	0	0	0	0	0	0	0	0
211	-28800.0	0	0	0	0	1	0	0	0	0	0	0	0	0	0	0	0	1	0
212	567964800.0	0	0	0	0	0	0	0	1	0	0	0	0	0	0	0	0	0	0
213	504892800.0	0	0	0	0	0	0	0	1	0	0	0	0	0	1	0	0	0	0
214	378662400.0	0	0	0	0	0	0	0	1	0	0	0	1	0	0	0	0	1	0
215	599587200.0	0	0	0	0	0	0	0	1	0	0	0	0	0	0	0	0	0	0
216	599587200.0	0	0	0	0	1	0	0	0	0	0	0	0	0	1	0	0	0	0
217	694195200.0	0	0	0	0	0	0	0	0	0	0	1	0	0	1	0	0	0	0
218	662659200.0	0	0	0	0	0	0	0	0	0	0	0	0	0	0	0	1	0	0
219	441734400.0	0	0	0	0	0	0	0	0	0	0	1	0	0	0	0	0	0	0
220	847987200.0	0	0	0	0	1	0	0	0	0	0	0	0	0	1	0	0	0	0
221	847987200.0	0	0	0	0	0	0	0	1	0	0	0	0	0	0	0	0	0	0
222	848592000.0	1	1	0	0	0	0	0	0	0	0	0	0	0	0	1	0	0	0
223	848592000.0	0	0	0	0	0	0	0	1	0	0	0	0	0	0	0	1	0	0
224	849024000.0	0	0	0	0	0	0	0	1	0	0	0	0	0	0	0	0	0	0
225	849024000.0	0	0	0	1	1	0	0	0	0	0	0	0	0	0	0	0	0	0
226	631123200.0	1	0	0	0	0	0	0	0	0	0	0	0	0	0	0	1	0	0
227	662659200.0	1	1	0	0	0	0	0	0	0	0	0	0	0	0	1	0	0	0
228	378662400.0	1	1	0	0	0	0	0	0	0	0	0	0	0	0	1	0	0	0
229	441734400.0	1	1	0	0	0	0	0	0	0	0	0	0	0	0	1	0	0	0
230	504892800.0	1	1	0	0	0	0	0	0	0	0	0	0	0	0	1	0	0	0
231	694195200.0	1	1	0	0	1	1	0	0	0	0	0	0	0	0	0	0	0	0
232	567964800.0	1	0	0	0	1	0	0	0	0	0	0	0	0	0	0	0	0	1
233	694195200.0	1	0	0	0	0	0	0	0	0	0	0	0	0	0	0	0	0	0
234	157737600.0	1	0	0	0	0	0	0	0	0	0	1	0	0	0	0	0	0	0
235	850406400.0	1	0	0	0	1	0	0	0	0	0	0	0	0	0	1	0	1	0
236	850406400.0	0	0	0	0	1	0	0	1	0	0	0	0	0	0	0	0	0	0
237	850406400.0	0	0	0	0	0	0	0	1	0	0	0	0	0	1	0	0	0	0
238	536428800.0	0	0	0	0	1	0	0	0	0	0	0	0	0	0	0	0	0	0
239	694195200.0	0	0	0	0	0	1	0	1	0	0	0	0	0	0	1	0	0	0
240	851011200.0	0	0	1	0	1	0	0	0	0	0	0	0	0	0	0	0	0	0
241	694195200.0	1	0	0	0	0	0	0	0	0	0	0	0	0	1	0	0	1	0
242	854035200.0	0	0	0	0	1	0	0	0	0	0	0	0	0	0	0	0	0	0
243	857664000.0	0	0	0	1	1	0	0	0	0	0	0	0	0	0	0	0	0	0
244	858268800.0	1	0	0	0	0	0	0	1	0	0	0	0	0	0	0	1	0	0
245	859305600.0	1	0	0	0	0	0	0	1	0	0	0	0	0	0	0	1	1	0
246	852048000.0	0	0	0	0	0	0	0	1	0	0	0	0	0	1	0	0	0	0
247	859478400.0	1	1	0	1	0	0	0	0	0	0	0	0	0	0	0	0	0	0
248	860688000.0	0	0	0	0	1	1	0	0	0	0	0	0	0	0	0	0	0	0
249	862502400.0	0	0	0	0	1	0	0	0	0	0	0	0	0	0	0	0	0	0
250	863107200.0	1	0	0	0	0	0	0	0	0	0	0	0	0	0	1	0	0	0
251	868550400.0	0	0	0	0	1	0	0	0	0	0	0	0	0	0	0	0	0	0
252	864316800.0	1	1	0	0	0	0	0	0	0	0	0	0	0	0	1	1	0	0
253	866131200.0	0	0	0	0	0	0	0	1	0	0	0	0	0	1	0	0	0	0
254	866736000.0	1	1	0	0	0	1	0	0	0	0	0	0	0	0	0	0	0	0
255	866736000.0	0	0	0	0	1	0	0	0	0	0	0	0	0	1	0	0	0	0
256	866736000.0	0	0	0	0	1	0	0	0	0	0	0	0	0	1	0	0	0	0
257	867945600.0	1	1	0	0	1	0	0	0	0	0	0	0	0	0	1	0	0	0
258	868550400.0	0	0	0	0	0	0	0	1	0	0	0	0	0	0	1	0	0	0
259	852048000.0	0	0	0	1	1	0	0	0	0	0	0	0	0	0	0	0	0	0
260	852048000.0	1	0	0	0	0	0	0	0	0	0	0	0	1	0	1	1	0	0
261	870364800.0	0	0	0	1	1	0	0	0	0	0	0	0	0	0	0	0	0	0
262	870364800.0	0	0	0	0	0	0	0	1	0	0	0	0	0	0	0	0	0	0
263	871574400.0	1	0	0	0	0	0	0	0	0	0	0	0	0	0	0	0	0	0
264	872179200.0	0	0	0	0	0	0	0	0	0	0	0	0	0	0	1	1	0	0
265	631123200.0	1	0	0	0	0	0	0	0	0	0	0	0	0	0	0	1	0	0
266	872784000.0	1	1	0	0	0	0	0	0	0	0	0	0	0	0	0	0	0	0
267	0.0	0	0	0	0	0	0	0	0	0	0	0	0	0	0	0	0	0	0
268	852048000.0	0	0	0	0	0	0	0	1	0	0	0	0	0	1	0	0	0	0
269	852048000.0	0	0	0	0	1	0	0	0	0	0	0	0	0	0	0	0	0	0
270	852048000.0	0	0	0	0	0	0	0	1	0	0	0	0	0	0	1	1	0	0
271	852048000.0	1	1	0	0	0	0	0	0	0	0	0	0	0	0	1	0	1	0
272	852048000.0	0	0	0	0	0	0	0	1	0	0	0	0	0	0	0	0	0	0
273	788889600.0	1	0	0	0	0	1	0	0	0	0	0	0	0	0	0	1	0	0
274	788889600.0	0	0	0	0	1	0	0	0	0	0	0	0	0	1	0	0	0	0
275	788889600.0	0	0	0	0	0	0	0	1	0	0	0	0	0	1	0	0	0	0
276	788889600.0	0	0	0	0	0	0	0	1	0	0	0	0	0	1	0	0	0	0
277	788889600.0	0	0	0	0	0	0	0	1	0	0	0	0	0	0	0	0	0	0
278	820425600.0	0	0	0	0	0	0	0	1	0	0	0	0	0	1	0	0	0	0
279	788889600.0	0	0	0	0	0	0	0	1	0	0	0	0	0	0	0	0	0	0
280	825609600.0	0	0	0	0	0	0	0	1	0	0	0	0	0	1	0	0	0	0
281	757353600.0	1	0	0	0	0	0	0	0	0	0	0	0	0	0	0	1	0	0
282	837187200.0	0	0	0	0	0	0	0	1	0	0	0	0	0	0	0	0	0	0
283	838915200.0	0	0	0	0	0	0	0	1	0	0	0	0	0	1	0	0	0	0
284	840124800.0	0	0	0	0	1	0	0	0	0	0	0	0	0	1	0	0	0	0
285	844358400.0	0	0	0	0	0	0	0	1	0	0	0	0	0	0	0	0	0	0
286	847987200.0	0	0	0	0	0	0	0	1	0	0	0	0	0	1	0	0	1	0
287	850838400.0	0	0	0	0	0	0	0	1	0	0	0	0	0	0	0	0	0	0
288	851011200.0	0	0	0	0	0	0	0	0	0	0	1	0	0	0	0	1	0	0
289	851443200.0	0	0	0	0	0	0	0	1	0	0	0	1	0	0	0	0	0	0
290	852825600.0	0	0	0	0	1	0	0	0	0	0	0	0	0	0	0	0	0	0
291	855849600.0	0	0	0	0	0	0	0	0	0	0	0	0	1	0	0	1	0	0
292	856454400.0	0	0	0	0	0	0	0	1	0	0	0	0	0	0	0	0	0	0
293	857059200.0	0	0	0	0	0	1	0	1	0	0	0	0	0	0	0	0	0	0
294	858873600.0	0	0	0	0	1	0	0	0	0	0	0	0	0	0	0	0	0	0
295	862502400.0	1	0	0	0	0	0	0	0	0	0	0	0	0	0	0	1	0	0
296	863712000.0	0	0	0	0	0	0	0	1	0	0	0	0	0	0	0	0	0	0
297	852048000.0	0	0	0	0	0	0	0	1	0	0	0	0	0	0	0	0	0	0
298	867340800.0	1	0	0	0	0	0	0	0	0	0	0	0	0	0	1	1	0	0
299	872179200.0	0	0	0	0	0	1	0	1	0	1	0	0	0	0	0	0	0	0
300	852048000.0	1	0	0	0	0	0	0	0	0	0	0	0	0	0	0	1	0	0
301	874598400.0	0	0	0	0	1	0	0	0	0	0	0	0	0	0	0	0	0	0
302	852048000.0	0	0	0	0	0	1	0	0	0	1	0	0	1	0	0	1	0	0
303	852048000.0	0	0	0	0	0	0	0	1	0	0	0	0	0	0	0	0	0	0
304	842544000.0	0	1	0	1	0	0	0	0	0	0	0	0	0	0	0	0	0	0
305	852048000.0	0	0	0	0	0	0	0	1	0	0	0	0	0	0	0	0	0	0
306	852048000.0	0	0	0	0	0	0	0	1	0	0	0	0	0	1	0	0	0	0
307	852048000.0	0	0	0	0	0	1	0	0	0	0	1	0	1	0	0	1	0	0
308	852048000.0	0	0	0	1	0	0	0	1	1	0	0	0	0	0	0	0	0	0
309	852048000.0	0	0	0	0	0	1	0	0	0	0	0	0	0	0	0	0	0	0
310	852048000.0	0	0	0	0	0	0	0	1	0	0	0	0	0	0	0	0	0	0
311	852048000.0	0	0	0	0	0	0	0	1	0	0	0	0	0	1	0	1	0	0
312	852048000.0	0	0	0	0	1	1	0	1	0	0	0	0	1	0	0	0	0	0
313	852048000.0	1	0	0	0	0	0	0	1	0	0	0	0	0	1	0	0	0	0
314	852048000.0	1	0	0	1	0	0	0	0	0	0	0	0	0	0	0	0	0	0
315	909072000.0	0	0	0	0	0	0	0	1	0	0	0	0	0	0	0	1	0	0
316	882806400.0	0	0	0	0	1	0	0	1	0	0	0	0	0	0	0	0	0	0
317	725817600.0	0	0	0	0	0	0	0	1	0	0	0	0	0	0	0	0	0	0
318	725817600.0	0	0	0	0	0	0	0	1	0	0	0	0	0	0	0	0	1	0
319	849801600.0	0	0	0	0	1	0	0	0	0	0	0	1	0	1	0	0	0	0
320	849801600.0	0	0	0	0	0	0	1	0	0	0	0	0	0	0	0	0	0	0
321	851443200.0	0	0	0	0	1	0	0	0	0	0	0	0	0	0	0	0	0	0
322	861292800.0	0	0	0	0	0	0	0	0	0	0	0	0	1	0	0	1	0	0
323	855244800.0	1	0	0	0	0	0	0	0	0	0	0	0	0	0	0	1	0	0
324	856454400.0	0	0	0	0	0	0	0	0	0	0	0	0	1	0	0	0	0	0
325	858873600.0	0	0	0	0	0	0	0	1	0	0	0	0	0	0	0	1	0	0
326	852048000.0	1	0	0	0	0	0	0	1	0	0	0	0	0	0	0	0	1	0
327	852048000.0	0	0	0	0	0	1	0	1	0	0	0	0	1	0	0	0	0	0
328	870969600.0	1	0	0	0	0	0	0	0	0	0	0	0	1	1	0	1	0	0
329	886089600.0	0	0	0	0	0	1	0	1	0	0	0	0	0	0	0	1	0	0
330	852048000.0	0	0	0	0	0	0	0	1	0	0	0	0	0	0	0	0	0	0
331	875203200.0	0	1	0	0	0	0	0	0	0	0	0	0	0	0	0	1	0	0
332	852048000.0	0	0	0	0	0	1	0	1	0	0	0	0	0	0	0	1	0	0
333	852048000.0	0	0	0	0	0	0	0	0	0	0	0	0	1	0	0	1	0	0
334	852048000.0	1	0	0	0	0	1	0	0	0	0	0	0	1	0	0	0	0	0
335	852048000.0	0	0	0	0	1	0	0	0	0	0	0	0	0	0	0	0	0	0
336	852048000.0	0	0	0	0	0	1	0	0	0	0	0	0	0	0	0	1	0	0
337	852048000.0	0	0	0	0	1	0	0	1	0	0	0	0	0	0	0	1	0	0
338	852048000.0	0	0	0	0	1	0	0	0	0	0	0	0	0	0	0	0	0	0
339	852048000.0	1	0	0	0	0	0	0	1	0	0	0	0	0	0	0	0	0	0
340	852048000.0	0	0	0	0	0	0	0	1	0	0	0	0	0	0	0	0	0	0
341	852048000.0	0	0	0	0	1	0	0	0	0	0	0	0	0	0	0	0	0	0
342	852048000.0	0	0	0	0	1	0	0	0	0	0	0	0	1	0	0	0	0	0
343	852048000.0	1	0	0	0	0	0	0	0	0	0	1	0	0	0	1	0	0	0
344	882374400.0	0	0	0	0	0	0	0	1	0	0	0	0	0	0	0	0	0	0
345	852048000.0	0	0	0	0	1	0	0	1	0	0	0	0	0	0	0	0	0	0
346	852048000.0	0	0	0	0	0	1	0	1	0	0	0	0	0	0	0	0	0	0
347	884275200.0	0	0	0	0	1	0	0	1	0	0	0	0	0	0	0	0	0	0
348	886089600.0	0	0	0	0	0	1	0	1	0	0	0	0	0	0	0	1	0	0
349	884880000.0	1	0	0	0	0	0	0	0	0	0	0	0	0	0	0	1	0	0
350	884880000.0	1	0	0	0	0	0	0	0	0	0	0	0	1	0	0	1	0	0
351	884880000.0	0	0	0	0	0	0	0	0	0	0	1	0	0	0	0	0	0	0
352	852048000.0	0	0	0	0	1	0	0	0	0	0	0	1	0	0	0	0	0	0
353	886089600.0	1	0	0	0	0	0	0	0	0	0	1	0	0	0	1	0	0	0
354	887299200.0	0	0	0	0	1	0	0	0	0	0	0	0	0	1	0	0	0	0
355	887299200.0	0	1	0	0	0	0	0	0	0	0	0	0	0	0	1	1	0	0
356	757353600.0	0	0	0	0	0	0	0	1	0	0	0	0	1	0	0	1	0	0
357	157737600.0	0	0	0	0	0	0	0	1	0	0	0	0	0	0	0	0	0	0
358	870364800.0	1	1	0	0	0	0	0	0	0	0	0	0	0	0	1	1	0	0
359	852048000.0	0	0	0	0	0	0	0	0	0	0	0	0	0	0	0	1	0	0
360	852048000.0	0	0	0	0	0	0	1	0	0	0	0	0	0	0	0	0	0	0
361	852048000.0	0	0	0	0	0	1	0	0	0	0	0	0	0	0	0	1	0	0
362	886694400.0	1	0	0	0	1	0	0	0	0	0	0	1	0	0	0	0	0	0
363	788889600.0	1	0	0	0	0	0	0	0	0	0	0	0	0	0	0	0	0	0
364	788889600.0	0	0	0	0	1	0	0	0	0	0	0	0	0	0	0	0	0	0
365	788889600.0	0	0	0	0	0	0	0	1	0	0	0	0	0	0	0	0	0	0
366	788889600.0	0	0	0	0	0	0	0	1	0	0	0	0	0	0	0	0	0	0
367	788889600.0	0	0	0	0	1	0	0	0	0	0	0	0	0	0	0	0	0	0
368	820425600.0	0	0	0	0	1	0	0	0	0	0	0	0	0	0	0	0	0	0
369	823190400.0	0	0	0	0	1	0	0	0	0	0	0	0	0	0	0	0	0	0
370	825004800.0	0	0	0	0	0	0	0	1	0	0	0	0	0	0	0	1	0	0
371	823795200.0	0	0	0	0	0	0	0	1	0	0	0	0	0	1	0	0	0	0
372	788889600.0	0	0	0	0	1	0	0	0	0	0	0	0	0	0	0	0	0	0
373	788889600.0	1	1	0	0	0	0	0	0	0	0	0	0	0	0	1	0	0	0
374	788889600.0	1	0	0	1	0	0	0	0	0	0	0	0	0	0	0	0	0	0
375	788889600.0	0	0	0	0	0	0	0	1	0	0	0	0	0	0	0	0	0	0
376	757353600.0	0	0	0	0	1	0	0	0	0	0	0	0	0	0	0	0	0	0
377	757353600.0	0	0	0	1	1	0	0	0	0	0	0	0	0	0	0	0	0	0
378	757353600.0	0	0	0	0	0	0	0	1	0	0	0	0	0	0	0	0	0	0
379	788889600.0	0	0	0	0	0	0	0	0	0	0	1	0	0	0	0	0	0	0
380	757353600.0	1	1	0	0	0	0	0	0	0	0	0	0	0	0	1	0	0	0
381	757353600.0	0	0	0	0	1	0	0	0	0	0	0	0	0	1	0	0	0	0
382	757353600.0	0	0	0	0	1	0	0	1	0	0	0	0	0	0	0	0	0	0
383	757353600.0	0	0	0	1	1	0	0	0	0	0	0	0	0	0	0	0	0	0
384	757353600.0	0	0	0	0	1	0	0	0	0	0	0	0	0	0	0	0	0	0
385	757353600.0	1	1	0	0	1	0	0	0	0	0	0	0	0	1	0	0	0	0
386	725817600.0	0	0	0	0	1	0	0	0	0	0	0	0	0	0	0	0	0	0
387	725817600.0	0	0	0	0	0	0	0	1	0	0	0	0	0	0	0	0	0	0
388	757353600.0	1	0	0	0	1	0	0	0	0	0	0	0	0	0	0	0	0	0
389	757353600.0	0	1	0	1	0	0	0	0	0	0	0	0	0	0	0	0	0	0
390	725817600.0	0	0	0	0	1	0	0	0	0	0	0	0	0	0	0	0	0	0
391	725817600.0	1	0	0	0	1	0	0	0	0	0	0	0	0	0	0	0	0	0
392	725817600.0	0	0	0	0	0	0	0	1	0	0	0	0	0	0	0	0	0	0
393	725817600.0	0	0	0	0	1	0	0	0	0	0	0	0	0	0	0	0	0	0
394	757353600.0	0	0	0	0	1	0	0	0	0	0	0	0	1	1	0	0	0	0
395	725817600.0	0	0	0	0	1	0	0	0	0	0	0	0	0	0	0	0	0	0
396	757353600.0	0	0	0	0	1	1	0	0	0	0	1	0	0	0	0	0	0	0
397	725817600.0	1	0	0	0	0	0	0	0	0	0	0	0	0	0	0	0	0	0
398	725817600.0	1	1	0	1	0	0	0	0	0	0	0	0	0	0	1	0	0	0
399	725817600.0	1	1	0	0	1	0	0	0	0	0	0	0	0	0	0	0	0	0
400	757353600.0	0	0	0	1	1	0	0	0	0	0	0	0	0	0	0	0	0	0
401	788889600.0	0	0	0	0	1	0	0	0	0	0	0	0	0	0	0	0	0	0
402	631123200.0	0	0	0	0	1	0	0	0	0	0	0	0	0	1	0	1	0	0
403	599587200.0	1	1	0	0	0	1	0	1	0	0	0	0	0	0	0	0	0	0
404	-946800000.0	0	0	1	1	0	0	0	0	0	0	0	0	0	0	0	0	0	0
405	832694400.0	1	1	0	0	0	0	0	0	0	0	0	0	1	0	0	0	0	0
406	846172800.0	0	0	0	0	0	0	0	0	0	0	1	0	0	0	0	1	0	0
407	832867200.0	0	0	0	0	1	0	0	0	0	0	0	0	0	0	0	0	0	0
408	830620800.0	0	0	1	0	1	0	0	0	0	0	0	0	0	0	0	1	0	0
409	839347200.0	0	0	0	0	1	0	0	1	0	0	0	0	0	0	0	0	0	0
410	837100800.0	0	0	0	0	1	0	0	0	0	0	0	0	0	0	0	0	0	0
411	835891200.0	0	0	0	0	1	0	0	0	1	0	0	0	0	1	1	0	0	0
412	840729600.0	0	0	0	0	1	0	0	0	0	0	0	0	0	0	0	0	0	0
413	837705600.0	0	0	0	0	0	0	0	0	0	0	1	0	0	0	0	0	0	0
414	378662400.0	0	0	0	0	1	0	0	0	0	0	0	0	0	0	0	0	0	0
415	157737600.0	0	0	0	1	1	0	0	0	0	0	0	0	0	0	0	0	0	1
416	-410256000.0	0	0	0	1	0	0	0	1	0	0	0	0	0	0	0	0	0	0
417	-284025600.0	0	0	0	1	0	0	0	1	0	0	0	0	0	0	0	0	0	0
418	-631180800.0	0	0	1	1	0	0	0	0	0	0	0	1	0	0	0	0	0	0
419	-189417600.0	0	0	0	1	1	0	0	0	0	0	0	1	0	0	0	0	0	0
420	-599644800.0	0	0	1	1	0	0	0	0	0	0	0	1	0	0	0	0	0	0
421	846172800.0	0	0	0	0	0	0	0	1	0	0	0	0	0	1	0	0	0	0
422	820425600.0	0	0	1	1	1	0	0	0	0	0	0	0	0	0	0	0	0	0
423	378662400.0	0	0	0	1	0	0	0	1	1	0	0	0	0	0	1	0	0	0
424	820425600.0	0	0	0	0	0	0	0	0	0	0	1	0	0	0	0	0	0	0
425	694195200.0	0	0	0	0	1	0	0	0	0	0	0	0	0	0	0	0	0	0
426	504892800.0	1	0	1	1	0	0	0	0	0	0	0	0	0	0	1	1	1	0
427	-252489600.0	0	0	0	0	0	0	0	1	0	0	0	0	0	0	0	0	0	0
428	31507200.0	0	0	0	0	1	0	0	0	0	0	0	0	0	0	0	0	0	0
429	-599644800.0	0	0	0	0	0	0	0	1	0	0	0	0	0	0	1	0	0	0
430	-1167638400.0	0	0	0	0	1	0	0	0	0	0	0	0	0	0	0	0	1	0
431	504892800.0	1	1	0	0	0	0	0	0	0	0	0	0	0	0	0	0	0	0
432	-946800000.0	0	0	1	1	0	0	0	0	0	0	0	1	0	0	0	0	0	0
433	599587200.0	0	0	0	0	1	0	0	0	0	0	0	0	0	0	0	0	0	0
434	-441878400.0	0	0	0	0	0	0	0	0	0	0	0	0	0	0	1	0	0	0
435	-31564800.0	1	0	0	0	1	0	0	0	0	0	0	0	0	0	0	0	0	1
436	347126400.0	0	0	0	0	0	0	0	0	0	0	1	0	0	0	0	0	0	0
437	694195200.0	0	0	0	0	0	0	0	0	0	0	1	0	0	0	0	0	0	0
438	410198400.0	0	0	0	0	0	0	0	0	0	0	1	0	0	0	0	0	0	0
439	725817600.0	0	0	0	0	0	0	0	0	0	0	1	0	0	0	0	0	0	0
440	378662400.0	0	0	0	0	0	0	0	0	0	0	1	0	0	0	0	0	0	0
441	283968000.0	0	0	0	0	0	0	0	0	0	0	1	0	0	0	0	0	0	0
442	631123200.0	0	0	0	0	0	0	0	0	0	0	1	0	0	0	0	0	0	0
443	-220953600.0	0	0	0	0	0	0	0	0	0	0	1	0	0	0	0	0	0	0
444	-378720000.0	0	0	0	0	0	0	0	0	0	0	1	0	0	0	1	0	0	0
445	-788950800.0	0	0	0	0	0	0	0	0	0	0	1	0	0	0	0	0	0	0
446	189273600.0	0	0	0	0	0	0	0	0	0	0	1	0	0	0	0	0	0	0
447	189273600.0	0	0	0	0	0	0	0	0	0	0	1	0	0	0	0	0	0	0
448	189273600.0	0	0	0	0	0	0	0	0	0	0	1	0	0	0	0	0	0	0
449	283968000.0	1	1	0	0	0	0	0	0	0	0	0	0	0	0	1	0	0	0
450	599587200.0	1	1	0	0	0	0	0	0	0	0	0	0	0	0	1	0	0	0
451	252432000.0	0	0	0	0	1	0	0	0	0	0	0	1	0	1	0	0	0	0
452	252432000.0	1	0	0	0	0	0	0	0	0	0	1	0	0	0	0	0	0	0
453	410198400.0	1	0	0	0	0	0	0	0	0	0	1	0	0	0	0	0	0	0
454	850579200.0	0	0	0	0	0	0	0	1	0	0	0	0	0	0	0	0	0	0
455	852825600.0	1	0	0	0	0	0	0	0	0	0	0	0	0	0	0	0	0	0
456	853430400.0	1	0	0	0	1	0	0	0	0	0	0	0	0	0	0	0	0	0
457	870969600.0	0	1	0	1	0	0	0	1	0	0	0	0	0	0	0	0	0	0
458	788889600.0	0	0	0	0	0	0	0	1	0	0	0	0	0	0	0	0	0	0
459	788889600.0	0	0	0	0	0	0	0	1	0	0	0	0	0	0	0	0	0	0
460	788889600.0	0	0	0	0	0	0	0	1	0	0	0	0	0	0	0	0	0	0
461	788889600.0	0	0	0	0	0	0	0	1	0	0	0	0	0	0	0	0	0	0
462	694195200.0	0	0	0	0	0	0	0	1	0	0	0	0	0	1	0	0	0	0
463	757353600.0	0	1	0	0	0	0	0	0	0	0	0	0	0	0	0	0	0	0
464	757353600.0	0	0	0	0	0	0	0	1	0	0	0	0	0	0	0	0	0	0
465	757353600.0	0	1	0	1	0	0	0	0	0	0	0	0	0	1	0	0	0	0
466	694195200.0	0	0	0	0	0	0	0	0	0	0	0	0	0	0	0	1	0	0
467	725817600.0	0	0	0	0	0	0	0	1	0	0	0	0	0	0	0	0	0	0
468	725817600.0	0	0	0	0	0	0	0	1	0	0	0	0	0	0	0	0	0	0
469	725817600.0	0	0	0	0	0	0	0	1	0	0	0	0	0	0	0	0	0	0
470	725817600.0	0	0	0	0	0	0	0	0	0	0	0	0	0	0	0	0	0	1
471	826214400.0	0	0	0	0	0	0	0	1	0	0	0	0	0	0	0	0	1	0
472	833472000.0	1	1	0	0	0	0	0	0	1	0	0	0	0	0	0	0	0	0
473	829238400.0	0	0	1	1	0	0	0	0	0	0	0	1	0	0	0	0	0	0
474	-220953600.0	0	0	0	0	0	0	0	0	0	0	0	0	0	0	1	0	1	0
475	837705600.0	0	0	0	0	0	0	0	1	0	0	0	0	0	0	0	0	0	0
476	842630400.0	0	0	0	0	1	0	0	0	0	0	0	0	0	0	0	0	0	0
477	838915200.0	0	0	0	1	1	0	0	0	0	0	0	0	0	0	0	0	0	0
478	-946800000.0	0	0	0	0	1	0	0	0	0	0	0	0	0	1	0	0	0	0
479	-378720000.0	0	0	0	0	0	0	0	0	0	0	0	0	1	0	0	1	0	0
480	-347184000.0	0	0	0	0	1	0	0	0	0	0	0	0	0	0	0	1	0	0
481	-315648000.0	0	0	0	0	1	0	0	1	0	0	0	0	0	0	0	0	0	0
482	-347184000.0	0	0	0	0	1	1	0	0	0	0	0	0	0	0	0	0	0	0
483	-883641600.0	0	0	0	0	0	0	0	1	0	0	0	0	0	1	0	0	1	0
484	-915177600.0	0	0	0	0	0	0	0	0	0	1	0	0	1	0	0	0	0	0
485	-189417600.0	0	0	0	0	0	0	0	0	0	0	0	1	0	1	0	0	0	0
486	-504950400.0	0	0	0	0	1	0	0	0	0	0	0	0	0	1	0	0	0	0
487	-536486400.0	0	0	0	0	1	0	0	0	0	0	0	0	0	1	0	0	0	0
488	-631180800.0	0	0	0	0	0	0	0	0	0	1	0	0	0	0	0	0	0	0
489	-757411200.0	0	0	0	0	0	0	0	0	0	1	0	0	0	1	0	1	0	0
490	-473414400.0	0	0	0	0	1	0	0	0	0	0	0	0	0	1	0	1	0	0
491	-1009872000.0	1	1	0	0	0	0	0	0	0	0	0	0	0	0	0	0	0	0
492	-473414400.0	0	0	0	0	0	0	0	1	0	0	0	0	0	0	0	0	0	0
493	-1136102400.0	0	0	0	0	0	0	0	0	0	0	0	0	1	0	0	0	0	0
494	-946800000.0	0	0	0	0	1	0	0	0	0	0	0	0	0	0	0	0	0	0
495	-441878400.0	0	1	0	0	1	0	0	0	0	0	0	0	0	0	0	0	0	0
496	-757411200.0	0	0	0	0	0	0	0	1	0	0	0	0	0	0	0	0	0	0
497	-1009872000.0	0	0	0	0	1	0	0	0	0	0	0	0	0	0	0	0	0	0
498	-599644800.0	1	1	0	0	0	0	0	0	0	0	0	0	0	1	0	0	1	0
499	-378720000.0	0	0	0	0	0	0	0	1	0	0	0	0	0	0	0	0	0	0
500	842544000.0	0	1	0	1	0	0	0	0	0	0	0	0	0	0	0	0	0	0
501	-915177600.0	0	0	1	1	0	0	0	0	0	0	0	1	0	0	0	0	0	0
502	31507200.0	0	0	0	0	1	0	0	0	0	0	0	0	0	0	0	0	1	0
503	63043200.0	0	0	0	0	0	0	0	1	0	0	0	0	0	0	0	0	0	0
504	-94723200.0	0	0	0	0	0	1	0	1	0	0	0	0	0	0	0	0	0	0
505	-504950400.0	0	0	0	0	0	0	0	0	0	0	0	0	1	0	0	1	0	0
506	-473414400.0	0	0	0	0	0	0	0	1	0	0	0	0	0	0	0	0	0	0
507	-599644800.0	0	0	0	0	0	0	0	1	0	0	0	0	0	0	0	0	0	0
508	851616000.0	0	0	0	0	0	0	0	1	0	0	0	0	0	0	0	0	0	0
509	599587200.0	0	0	0	0	0	0	0	1	0	0	0	0	0	0	0	0	0	0
510	-504950400.0	1	0	0	0	0	0	0	1	0	0	0	0	0	0	0	0	0	1
511	-252489600.0	0	1	0	0	0	0	0	0	0	0	0	0	0	0	0	0	1	0
512	536428800.0	0	0	0	0	1	0	0	1	0	0	0	0	0	1	0	0	0	0
513	-662716800.0	0	0	0	0	0	0	0	0	0	0	0	0	1	0	0	1	0	0
514	220896000.0	0	0	0	0	1	0	0	0	0	0	0	0	0	1	0	0	0	0
515	860083200.0	1	0	0	0	0	0	0	1	0	0	0	0	0	0	0	0	1	0
516	410198400.0	0	0	0	0	1	0	0	0	0	0	0	0	0	0	0	0	0	0
517	283968000.0	0	0	0	0	1	0	0	1	0	0	0	0	0	1	0	0	0	0
518	631123200.0	0	0	0	0	0	0	0	1	0	0	0	0	0	0	0	0	0	0
519	-694339200.0	0	1	0	0	0	0	0	0	0	0	0	0	0	0	0	0	0	0
520	-220953600.0	0	1	0	0	0	0	0	0	0	0	0	0	0	0	0	0	1	0
521	252432000.0	0	0	0	0	0	0	0	1	0	0	0	0	0	0	0	0	1	0
522	504892800.0	0	0	0	0	1	0	0	1	0	0	0	0	0	0	0	0	0	0
523	-94723200.0	0	0	0	0	1	0	0	1	0	0	0	0	0	0	0	0	0	0
524	-946800000.0	0	0	0	0	1	0	0	0	0	0	0	0	0	0	0	0	0	0
525	-757411200.0	0	0	0	0	0	0	0	0	0	1	0	0	1	0	0	0	0	0
526	-347184000.0	1	1	0	0	0	0	0	1	0	0	0	0	0	0	0	0	0	0
527	378662400.0	0	0	0	0	0	0	0	1	0	0	0	0	0	0	0	0	0	0
528	441734400.0	0	0	0	0	0	0	0	1	0	0	0	0	0	0	0	0	1	0
529	473356800.0	0	0	0	0	0	0	0	1	0	0	0	0	0	0	0	0	0	0
530	157737600.0	0	1	0	0	0	0	0	0	0	0	0	0	0	0	0	0	0	0
531	848592000.0	0	0	0	0	0	0	0	1	0	0	0	0	0	1	0	0	0	0
532	857664000.0	0	0	0	0	0	0	0	0	0	0	0	0	0	1	0	0	0	0
533	858873600.0	0	0	0	0	0	0	0	0	0	0	0	0	1	0	0	0	0	0
534	861292800.0	0	0	0	0	0	0	0	1	0	0	0	0	0	0	0	0	0	0
535	864316800.0	0	0	0	0	1	0	0	0	0	0	0	0	0	1	0	0	0	0
536	864316800.0	0	0	0	0	0	0	0	1	0	0	0	0	0	0	0	0	0	0
537	662659200.0	0	0	0	0	0	0	0	1	0	0	0	0	0	0	0	0	0	0
538	852048000.0	0	0	1	1	0	0	0	0	0	0	0	1	0	0	0	0	0	0
539	852048000.0	0	0	0	1	1	0	0	0	0	0	0	0	0	0	0	0	0	0
540	788889600.0	1	0	0	0	0	0	0	0	0	0	0	0	0	0	0	0	0	0
541	788889600.0	1	1	0	0	0	0	0	0	0	0	0	0	0	0	0	0	0	0
542	788889600.0	0	0	1	1	0	0	0	0	0	0	0	1	0	1	0	0	0	0
543	788889600.0	0	0	0	0	0	0	0	1	0	0	0	1	0	0	0	0	0	0
544	823190400.0	0	0	0	0	0	1	0	1	0	0	0	0	0	1	0	0	0	0
545	788889600.0	0	0	0	0	1	0	0	0	0	0	0	0	0	1	0	0	0	0
546	823795200.0	1	0	0	0	0	0	0	0	0	0	0	0	0	0	0	1	0	0
547	825004800.0	0	0	0	0	0	1	0	0	0	0	0	0	0	0	0	0	0	0
548	823190400.0	0	0	0	1	0	0	0	0	1	0	0	0	0	0	0	0	0	0
549	788889600.0	0	0	0	0	0	0	0	1	0	0	0	0	0	1	0	0	1	0
550	788889600.0	1	0	0	0	0	0	0	0	0	0	0	0	0	0	0	1	0	0
551	788889600.0	0	0	0	0	0	0	0	0	0	0	1	0	0	0	0	0	0	0
552	788889600.0	0	0	0	0	0	0	0	0	0	0	0	0	0	0	1	0	0	0
553	788889600.0	0	0	0	0	0	0	0	1	0	0	0	0	0	1	0	0	0	0
554	788889600.0	1	1	0	0	0	0	0	0	0	0	0	0	0	0	0	0	0	0
555	788889600.0	0	0	0	0	0	0	0	1	0	0	0	0	0	0	0	0	0	0
556	788889600.0	0	0	0	0	0	0	0	0	0	0	0	0	0	0	0	0	0	1
557	757353600.0	0	0	0	0	0	0	0	1	0	0	0	1	0	0	0	0	0	0
558	757353600.0	0	0	0	0	0	0	0	1	1	0	0	0	0	0	0	1	0	0
559	757353600.0	0	0	0	0	0	0	0	1	0	0	1	0	0	0	0	0	0	0
560	788889600.0	0	1	0	1	1	0	0	0	1	0	0	0	0	1	1	0	0	0
561	757353600.0	0	0	0	0	0	0	0	1	0	0	1	0	0	0	0	0	0	0
562	788889600.0	1	1	0	0	0	0	0	0	0	0	0	0	0	0	0	0	0	1
563	788889600.0	0	0	0	0	0	0	0	0	0	0	1	0	0	0	0	0	0	0
564	788889600.0	0	0	0	0	1	0	0	0	0	0	1	0	0	0	0	0	0	0
565	788889600.0	0	0	0	0	0	0	0	0	0	0	1	0	0	0	0	1	0	0
566	757353600.0	1	1	0	0	0	0	0	0	0	0	0	0	0	0	0	1	0	0
567	757353600.0	0	0	0	0	0	0	0	0	0	0	1	0	0	0	0	0	0	0
568	757353600.0	1	0	0	0	0	0	0	0	0	0	0	0	0	1	0	1	0	0
569	757353600.0	0	0	0	0	0	0	0	1	0	0	1	0	0	0	0	0	0	0
570	757353600.0	0	0	0	0	0	0	0	0	0	0	0	0	0	0	0	0	0	1
571	725817600.0	0	0	0	0	1	0	0	0	0	0	0	0	0	0	0	1	0	0
572	757353600.0	1	0	0	0	0	0	0	0	0	0	0	0	0	0	0	1	0	0
573	725817600.0	0	0	0	0	0	0	0	0	0	0	1	0	0	0	1	1	0	0
574	725817600.0	0	0	0	0	0	0	0	0	0	0	0	0	1	1	0	1	0	0
575	757353600.0	0	0	0	0	1	0	0	0	0	0	0	0	0	0	0	0	0	1
576	725817600.0	1	1	0	0	0	1	0	0	0	0	0	0	0	0	0	0	0	0
577	725817600.0	0	0	0	0	1	0	0	0	0	0	0	0	0	0	1	0	0	0
578	725817600.0	1	0	0	0	0	0	0	0	0	0	0	0	0	0	1	0	0	0
579	725817600.0	0	0	0	0	1	0	0	0	0	0	0	0	0	0	0	0	0	0
580	788889600.0	0	0	0	0	1	0	0	0	0	0	0	0	0	1	0	0	0	0
581	725817600.0	0	0	0	0	0	0	0	1	0	0	0	0	0	0	0	1	0	0
582	725817600.0	0	0	0	0	0	0	0	1	0	0	0	0	0	1	0	0	0	0
583	725817600.0	0	0	0	0	0	1	0	0	0	0	0	0	0	0	0	1	0	0
584	725817600.0	0	0	0	1	0	0	0	1	0	0	0	0	0	0	0	0	0	0
585	725817600.0	0	0	0	0	1	0	0	0	0	0	0	0	0	0	0	0	0	0
586	757353600.0	1	0	0	0	0	0	0	0	0	0	0	0	0	0	0	0	0	0
587	725817600.0	0	0	0	0	0	0	0	1	0	0	0	0	1	0	0	0	0	0
588	662659200.0	0	0	1	1	0	0	0	0	0	0	0	1	0	0	0	0	0	0
589	-31564800.0	0	0	0	0	0	0	0	0	0	0	0	0	0	0	0	0	0	1
590	826214400.0	1	0	0	0	0	0	0	0	0	0	1	0	0	0	1	0	0	0
591	828115200.0	0	0	0	0	0	0	0	1	0	0	0	0	0	0	0	1	0	0
592	788889600.0	0	0	0	0	0	0	0	0	0	0	0	0	1	0	0	1	0	0
593	725817600.0	0	0	0	0	0	0	0	0	0	0	0	0	0	0	0	0	1	0
594	833904000.0	0	0	0	0	0	0	0	1	0	0	0	0	0	1	0	0	0	0
595	840124800.0	0	0	0	0	0	0	0	0	0	0	0	0	0	0	0	1	0	0
596	835286400.0	0	0	1	1	0	0	0	0	0	0	0	1	0	0	0	0	0	0
597	835286400.0	1	0	0	0	0	0	0	0	0	0	0	0	0	0	0	1	0	0
598	841939200.0	0	0	0	0	1	0	0	1	0	0	0	0	0	0	0	0	0	0
599	840124800.0	1	0	0	0	0	0	0	0	0	0	0	0	0	0	0	0	0	0
600	820425600.0	0	0	0	1	0	0	0	0	0	0	0	0	0	0	0	0	0	0
601	-852109200.0	0	1	0	0	0	0	0	0	0	0	0	0	0	0	0	0	1	0
602	-599644800.0	0	0	0	0	0	0	0	0	0	0	0	1	0	1	0	0	0	0
603	-504950400.0	0	0	0	0	0	0	0	0	0	0	0	0	1	0	0	1	0	0
604	-1136102400.0	0	0	0	0	1	0	0	0	0	0	0	0	0	0	0	0	0	0
605	-820573200.0	0	0	0	0	0	0	0	0	0	0	0	1	0	0	0	0	0	0
606	-631180800.0	0	0	0	0	0	0	0	1	0	0	0	0	0	0	0	0	0	0
607	-946800000.0	0	0	0	0	0	0	0	0	0	0	0	0	0	1	0	1	0	0
608	-788950800.0	0	0	0	0	0	0	0	0	0	0	0	0	1	1	0	1	0	0
609	-631180800.0	0	0	0	0	1	0	0	0	0	0	0	0	0	0	0	0	0	0
610	-378720000.0	0	0	0	0	0	0	0	0	0	0	0	1	0	0	0	0	0	0
611	-820573200.0	0	0	0	0	0	1	0	0	0	1	0	0	1	0	0	0	0	0
612	-1041408000.0	0	0	0	0	0	0	0	1	0	0	0	0	0	0	0	0	0	0
613	-1073030400.0	0	0	0	0	1	0	0	0	0	0	0	0	0	0	0	0	0	0
614	-441878400.0	0	0	0	0	0	0	0	1	0	0	0	0	0	0	0	0	0	0
615	-1104566400.0	0	0	0	0	0	0	0	0	0	0	0	0	0	0	0	1	0	0
616	-63187200.0	0	0	0	0	0	0	0	0	0	0	1	0	0	0	1	0	0	0
617	-1262332800.0	0	0	0	0	0	0	0	1	0	0	0	0	0	0	0	0	0	0
618	-473414400.0	0	0	0	0	0	0	0	1	0	0	0	0	0	0	0	0	0	0
619	843753600.0	0	0	0	0	0	0	0	1	0	0	0	0	0	0	0	1	0	0
620	844963200.0	0	0	0	0	0	0	0	1	0	0	0	0	0	0	0	0	0	0
621	-473414400.0	0	0	0	0	0	0	0	0	0	0	0	0	0	0	0	0	0	1
622	-315648000.0	0	1	0	1	0	0	0	0	0	0	0	0	0	0	0	0	0	0
623	757353600.0	0	0	0	1	1	0	0	0	0	0	0	0	0	0	0	0	0	0
624	-788950800.0	0	0	1	1	0	0	0	0	0	0	0	1	0	0	0	0	0	0
625	-220953600.0	0	0	1	1	0	0	0	0	0	0	0	0	0	0	0	0	0	0
626	-662716800.0	0	0	0	1	0	0	0	1	0	0	0	0	0	0	0	0	0	0
627	662659200.0	0	0	0	0	0	0	0	1	0	0	0	0	0	0	0	0	0	0
628	845568000.0	0	0	0	0	0	1	0	1	0	0	0	0	0	0	0	0	0	0
629	378662400.0	0	0	0	0	1	0	0	0	0	0	0	1	0	0	0	0	0	0
630	-157795200.0	0	0	0	0	1	0	0	0	0	0	0	1	0	0	0	0	0	0
631	694195200.0	1	0	0	0	0	0	0	1	0	0	0	0	0	1	0	0	1	0
632	378662400.0	0	0	0	0	0	0	0	1	0	0	0	0	0	0	0	0	0	0
633	-1009872000.0	0	0	0	0	0	0	0	1	0	0	0	0	0	0	0	0	0	0
634	844963200.0	0	0	0	0	0	0	1	0	0	0	0	0	0	0	0	0	0	0
635	315504000.0	0	0	0	0	0	0	0	0	0	0	1	0	0	0	0	0	0	0
636	347126400.0	1	1	0	0	0	0	0	0	0	0	0	0	0	0	1	1	0	0
637	347126400.0	0	0	0	0	1	0	0	0	0	0	1	0	0	0	0	0	0	0
638	378662400.0	0	0	0	0	0	0	0	1	0	0	0	0	0	0	0	0	0	0
639	283968000.0	0	0	0	0	0	0	0	1	0	0	0	0	0	0	0	0	0	0
640	599587200.0	0	0	0	0	0	0	0	1	0	0	0	0	0	0	0	0	0	0
641	-410256000.0	0	0	0	0	0	0	0	1	0	0	0	0	0	0	0	0	1	0
642	631123200.0	0	0	0	0	0	1	0	1	0	1	0	0	0	0	0	0	0	0
643	757353600.0	0	0	0	0	0	0	0	1	0	0	0	0	0	1	0	0	0	0
644	567964800.0	0	0	0	0	0	0	1	0	0	0	0	0	0	0	0	0	0	0
645	631123200.0	0	0	0	0	0	0	1	0	0	0	0	0	0	0	0	0	0	0
646	-31564800.0	0	0	0	0	0	0	0	0	0	0	0	0	0	0	0	0	0	1
647	473356800.0	0	0	0	0	0	0	0	1	0	0	0	0	0	0	0	0	1	0
648	-568108800.0	0	0	0	0	1	0	0	0	0	0	0	0	0	1	0	0	0	0
649	441734400.0	0	0	0	0	0	1	0	1	0	0	0	0	0	0	0	1	0	0
650	-410256000.0	0	0	0	0	0	0	0	1	0	0	0	0	0	0	0	0	0	0
651	599587200.0	1	0	0	0	0	0	0	1	0	0	0	0	0	0	0	0	1	0
652	631123200.0	0	0	0	0	1	0	0	1	0	0	0	0	0	0	0	0	0	0
653	-378720000.0	0	0	0	0	0	1	0	0	0	1	0	0	0	0	0	1	0	0
654	126201600.0	0	0	0	0	0	0	0	0	0	1	0	0	1	0	0	1	0	0
655	504892800.0	0	1	0	0	1	0	0	1	0	0	0	0	0	0	0	0	0	0
656	-1230796800.0	0	0	0	0	0	1	0	0	0	1	0	0	0	0	0	1	0	0
657	-252489600.0	0	0	0	0	0	0	0	0	0	1	0	0	0	0	0	1	0	0
658	631123200.0	0	0	0	0	0	0	0	1	0	0	0	0	0	0	0	0	0	0
659	-820573200.0	0	0	0	0	1	0	0	0	0	0	0	0	1	0	0	1	0	0
660	662659200.0	0	0	0	0	0	0	0	1	0	0	0	0	0	0	0	0	0	0
661	-568108800.0	0	0	0	0	0	0	0	0	0	0	0	0	0	0	0	0	0	1
662	315504000.0	0	0	0	0	0	0	0	1	0	0	0	0	0	1	0	0	0	0
663	283968000.0	0	0	0	0	1	0	0	0	0	0	0	0	0	0	0	0	0	0
664	441734400.0	0	0	0	0	0	0	0	1	0	0	0	0	0	0	0	0	0	0
665	694195200.0	1	0	0	0	0	0	0	0	0	0	1	0	0	0	1	1	0	0
666	126201600.0	0	0	0	0	0	0	0	0	0	0	1	0	0	0	0	0	0	0
667	220896000.0	0	0	0	0	0	0	0	0	0	0	1	0	0	0	0	0	0	0
668	347126400.0	1	0	0	0	0	0	0	0	0	0	1	0	0	0	0	0	0	0
669	662659200.0	0	0	0	0	0	0	0	0	0	0	1	0	0	0	0	0	0	0
670	725817600.0	0	0	0	0	0	0	0	0	0	0	1	0	0	0	1	1	0	0
671	-1104566400.0	0	0	0	0	0	0	0	0	0	0	1	0	0	0	0	0	0	0
672	694195200.0	0	0	0	0	0	0	0	0	0	0	1	0	0	0	0	0	0	0
673	-252489600.0	0	0	0	0	0	0	0	0	0	1	0	0	0	0	0	1	0	0
674	378662400.0	0	0	0	0	0	0	0	0	0	0	1	0	0	0	0	0	0	0
675	-1514793600.0	0	0	0	0	0	0	0	0	0	0	1	0	0	0	0	0	0	0
676	849024000.0	0	0	0	0	0	0	0	1	0	0	0	0	0	0	0	0	0	0
677	854035200.0	0	0	0	0	0	0	1	0	0	0	0	0	0	0	0	0	0	0
678	861897600.0	0	0	0	0	0	0	0	1	0	0	0	0	0	0	0	1	0	0
679	347126400.0	1	1	0	0	0	0	0	0	0	0	0	0	0	0	0	0	0	0
680	872784000.0	1	1	0	0	0	0	0	0	0	0	0	0	0	0	0	0	0	0
681	852048000.0	0	0	0	0	0	0	0	0	0	0	1	0	0	0	0	0	0	0
682	877017600.0	0	0	0	0	0	0	0	0	0	0	1	0	1	0	0	1	0	0
683	852048000.0	0	0	0	0	1	0	0	0	0	0	0	0	0	0	0	0	0	0
684	725817600.0	1	0	0	0	0	0	0	0	0	0	0	0	0	0	0	1	0	0
685	826300800.0	1	0	0	0	0	0	0	0	0	0	0	0	0	0	0	1	0	0
686	725817600.0	1	0	0	0	0	0	0	1	0	0	0	0	0	0	0	0	0	0
687	861292800.0	0	0	0	0	1	0	0	0	0	0	0	0	0	0	0	0	1	0
688	872179200.0	0	0	0	0	1	0	0	0	0	0	0	0	0	0	0	0	0	0
689	852048000.0	1	0	0	0	0	0	0	0	0	0	0	0	0	0	0	1	0	0
690	852048000.0	0	0	0	0	0	0	0	1	0	0	0	0	0	0	0	0	1	0
691	884275200.0	0	0	0	0	0	0	0	0	0	1	0	0	0	0	1	1	0	0
692	788889600.0	0	0	0	0	1	0	0	1	0	0	0	0	0	1	0	0	0	0
693	788889600.0	0	0	0	0	0	0	0	1	0	0	0	0	0	0	0	0	0	0
694	811958400.0	0	0	0	0	0	0	0	0	0	0	0	0	0	1	0	0	0	0
695	788889600.0	0	0	0	0	1	0	0	1	0	0	0	0	0	0	0	0	0	0
696	824400000.0	0	0	0	0	0	0	0	1	0	0	0	0	0	0	0	1	0	0
697	788889600.0	0	0	0	0	0	0	0	1	0	0	0	0	0	0	0	0	0	0
698	757353600.0	0	0	0	0	0	0	0	1	0	0	0	0	0	0	0	0	0	0
699	757353600.0	0	0	0	0	0	0	0	1	0	0	0	0	0	0	0	0	0	0
700	788889600.0	0	0	0	0	1	0	0	0	0	0	0	0	0	0	0	0	0	0
701	725817600.0	0	0	0	0	0	0	1	0	0	0	0	0	0	0	0	0	0	0
702	757353600.0	0	0	0	0	1	0	0	0	0	0	0	0	0	1	0	0	0	0
703	757353600.0	0	0	0	0	0	0	0	1	0	0	0	0	0	0	0	0	0	0
704	725817600.0	0	0	0	0	0	0	0	1	0	0	0	0	0	1	0	0	0	0
705	-568108800.0	0	0	0	0	0	0	0	0	0	0	0	1	0	1	0	0	0	0
706	846777600.0	0	0	0	0	0	0	0	0	0	0	1	0	0	0	0	0	0	0
707	662659200.0	0	0	0	0	0	0	0	1	0	0	0	0	0	0	0	0	0	0
708	599587200.0	0	0	0	0	0	0	0	1	0	0	0	0	0	0	0	0	0	0
709	694195200.0	0	0	0	0	1	0	0	0	0	0	0	0	0	1	0	0	0	0
710	473356800.0	0	0	0	0	1	0	0	0	0	0	0	0	0	0	0	0	0	0
711	849801600.0	0	0	0	0	0	0	0	1	0	0	0	0	0	0	0	0	0	0
712	536428800.0	0	0	0	0	1	0	0	1	0	0	0	0	0	0	0	0	0	0
713	819216000.0	0	0	0	0	0	0	0	1	0	0	0	0	0	0	0	0	0	0
714	788889600.0	0	0	0	0	0	0	0	1	0	0	0	0	0	1	0	0	0	0
715	788889600.0	0	0	0	0	1	0	0	1	0	0	0	0	0	0	0	0	0	0
716	788889600.0	0	0	0	0	0	0	0	1	0	0	0	0	0	1	0	0	0	0
717	820425600.0	0	0	0	0	0	0	0	1	0	0	0	0	0	0	0	1	0	0
718	825004800.0	0	0	0	0	1	0	0	0	0	0	0	0	0	0	0	0	0	0
719	757353600.0	0	0	0	0	1	0	0	0	0	0	0	0	0	0	0	0	1	0
720	788889600.0	1	1	0	0	0	0	0	1	0	0	0	0	0	1	0	0	0	0
721	788889600.0	0	0	0	0	1	0	0	0	0	0	0	0	0	0	0	0	0	0
722	788889600.0	0	0	0	0	1	0	0	0	0	0	0	0	0	0	0	0	0	0
723	788889600.0	0	0	0	0	1	0	0	1	0	0	0	0	0	0	0	0	0	0
724	788889600.0	0	0	0	0	0	0	0	1	0	0	0	0	0	1	0	0	0	0
725	757353600.0	0	0	0	0	1	0	0	0	0	0	0	0	0	0	0	0	0	0
726	788889600.0	0	0	0	1	0	0	0	1	0	0	0	0	0	0	0	0	0	0
727	757353600.0	0	0	0	0	0	0	0	1	0	0	0	0	0	1	0	0	0	0
728	757353600.0	0	0	0	0	1	0	0	0	0	0	0	0	0	0	1	0	0	0
729	757353600.0	0	0	0	0	0	0	0	1	0	0	0	0	0	0	0	0	0	0
730	820425600.0	0	0	0	0	0	0	0	1	0	0	0	0	0	1	0	0	0	0
731	757353600.0	0	0	0	0	1	0	0	1	0	0	0	0	0	1	0	0	0	0
732	725817600.0	0	0	0	0	1	0	0	0	0	0	0	0	0	1	0	0	0	0
733	757353600.0	0	0	0	0	0	0	0	1	0	0	0	0	0	1	0	0	0	0
734	725817600.0	0	0	0	0	1	0	0	0	0	0	0	0	0	0	0	0	0	0
735	725817600.0	0	0	0	0	0	0	0	1	0	0	0	0	0	0	0	0	0	0
736	725817600.0	0	0	0	0	0	0	0	1	0	0	0	0	0	1	0	0	0	0
737	757353600.0	0	0	0	0	1	0	0	1	0	0	0	0	0	0	0	0	0	0
738	757353600.0	0	0	0	0	1	0	0	0	0	0	0	0	0	1	0	0	0	0
739	631123200.0	0	0	0	0	1	0	0	0	0	0	0	0	0	1	0	0	0	0
740	828633600.0	0	0	0	0	0	0	0	1	0	0	0	0	0	1	0	0	0	0
741	828633600.0	0	0	0	0	0	0	0	1	0	0	0	0	0	0	0	1	0	0
742	847382400.0	0	0	0	0	0	0	0	1	0	0	0	0	0	0	0	1	0	0
743	841334400.0	1	0	0	0	0	0	0	0	0	0	0	0	0	0	0	1	0	0
744	844963200.0	0	0	0	0	0	0	0	1	0	0	0	0	0	0	0	0	1	0
745	63043200.0	0	0	0	0	1	0	0	0	0	0	0	0	0	0	0	0	0	0
746	473356800.0	0	0	0	0	1	0	0	0	0	0	0	0	0	0	0	0	0	0
747	725817600.0	0	0	0	0	1	0	0	0	0	0	0	0	0	1	0	0	0	0
748	858268800.0	1	0	0	0	0	0	0	0	0	0	0	0	0	1	0	1	0	0
749	852048000.0	0	0	0	0	1	0	0	0	0	0	0	0	0	1	0	0	0	0
750	882374400.0	0	0	0	0	0	0	0	1	0	0	0	0	0	0	0	0	0	0
751	852048000.0	1	0	0	0	0	0	0	0	0	0	0	0	0	1	0	1	0	0
752	886694400.0	1	0	0	0	0	0	0	0	0	0	0	0	0	0	0	1	0	0
753	757353600.0	0	0	0	0	0	0	0	1	0	0	0	0	0	0	0	0	0	0
754	852048000.0	0	0	0	0	0	1	0	0	0	0	0	0	0	0	0	1	0	0
755	788889600.0	1	1	0	1	0	0	0	0	1	0	0	0	0	0	1	0	0	0
756	788889600.0	0	0	0	0	1	0	0	0	0	0	0	0	0	0	0	0	0	0
757	788889600.0	0	0	0	0	0	0	1	0	0	0	0	0	0	0	0	0	0	0
758	820425600.0	0	0	0	0	0	0	0	0	0	0	0	0	0	0	1	1	0	0
759	788889600.0	1	0	0	0	0	0	0	0	0	0	0	0	0	0	0	0	0	0
760	788889600.0	0	0	0	0	0	0	0	0	0	0	0	0	0	0	1	0	0	0
761	788889600.0	1	0	0	0	0	0	0	0	0	0	0	0	0	0	0	1	0	0
762	823795200.0	0	0	0	0	0	0	0	1	0	0	0	0	0	0	0	0	0	0
763	824400000.0	0	0	0	0	1	0	0	0	0	0	0	0	0	0	0	0	0	0
764	826214400.0	0	0	0	0	1	0	0	0	0	0	0	0	0	1	0	0	0	0
765	694195200.0	0	0	0	0	1	0	0	0	0	0	0	0	0	1	0	0	0	0
766	825609600.0	0	0	0	0	0	0	1	0	0	0	0	0	0	0	0	0	0	0
767	788889600.0	0	0	0	0	0	0	0	0	0	0	1	0	0	0	0	0	0	0
768	788889600.0	0	1	0	1	0	0	0	0	0	0	0	0	0	0	0	0	0	0
769	788889600.0	1	1	0	0	0	0	0	0	0	0	0	0	1	0	1	0	0	0
770	788889600.0	0	0	0	0	0	1	0	0	0	1	0	0	1	0	0	1	0	0
771	788889600.0	1	0	0	0	0	0	0	0	0	0	0	0	0	0	1	1	0	0
772	788889600.0	0	0	0	0	0	0	0	1	0	0	0	0	0	0	0	0	0	0
773	757353600.0	0	0	0	0	0	0	0	0	0	0	0	0	0	0	0	1	0	0
774	788889600.0	0	0	0	0	0	0	0	0	0	0	1	0	0	0	0	0	0	0
775	788889600.0	0	0	0	0	1	0	0	1	0	0	0	0	0	1	0	0	0	0
776	788889600.0	0	0	0	0	0	0	0	1	0	0	0	0	0	0	0	0	0	0
777	788889600.0	0	0	0	0	0	0	0	0	0	0	1	0	0	0	0	0	0	0
778	788889600.0	0	0	0	0	1	0	0	1	0	0	0	0	0	1	0	0	0	0
779	757353600.0	1	0	0	0	0	0	0	0	0	0	0	0	0	0	0	0	0	0
780	757353600.0	0	0	0	0	1	0	0	0	0	0	0	0	0	0	0	0	0	0
781	788889600.0	0	0	0	0	1	0	0	0	0	0	0	0	0	1	0	0	0	0
782	757353600.0	0	0	0	0	0	0	0	1	0	0	0	0	0	0	0	0	0	0
783	757353600.0	0	0	0	0	1	0	0	0	0	0	0	0	0	1	0	0	0	0
784	725817600.0	0	0	0	0	0	0	0	1	0	0	1	0	0	0	0	0	0	0
785	757353600.0	0	0	0	0	1	0	0	0	0	0	0	0	0	1	0	0	0	0
786	788889600.0	0	0	0	0	1	0	0	0	0	0	0	0	0	1	0	0	0	0
787	788889600.0	0	0	0	0	1	0	0	1	0	0	0	0	0	0	0	0	0	0
788	757353600.0	0	0	0	0	0	0	0	0	0	0	1	0	0	0	0	1	0	0
789	788889600.0	0	0	0	0	1	0	0	1	0	0	0	0	0	0	0	0	0	0
790	788889600.0	0	0	0	0	1	0	0	0	0	0	0	0	0	0	0	0	0	0
791	788889600.0	0	0	0	1	0	0	0	0	0	0	0	0	0	0	0	0	0	0
792	757353600.0	0	0	0	0	1	0	0	0	0	0	0	0	0	0	0	0	0	0
793	757353600.0	0	0	0	0	1	0	0	0	0	0	0	0	0	0	0	0	0	0
794	757353600.0	0	0	0	0	0	0	0	1	0	0	0	0	0	1	0	0	0	0
795	757353600.0	0	0	0	1	1	0	0	0	0	0	0	0	0	0	0	0	0	0
796	757353600.0	0	0	0	0	1	0	0	0	0	0	0	0	0	1	0	0	0	0
797	757353600.0	1	0	0	0	0	0	0	0	0	0	0	0	0	0	1	0	0	0
798	788889600.0	1	0	0	0	0	0	0	0	0	0	0	0	0	0	0	0	0	0
799	788889600.0	0	0	0	0	0	0	0	1	0	0	0	0	0	0	0	0	0	0
800	788889600.0	0	0	0	0	0	0	0	0	0	0	1	0	0	0	0	1	0	0
801	757353600.0	0	0	0	0	1	0	0	0	0	0	0	0	0	0	0	0	0	0
802	725817600.0	1	1	0	0	0	1	0	0	0	0	0	0	0	0	0	1	0	0
803	725817600.0	1	0	0	0	0	0	0	1	0	0	0	0	0	0	0	0	1	0
804	757353600.0	0	0	0	0	1	0	0	0	0	0	0	0	0	0	0	0	0	0
805	725817600.0	0	0	0	0	1	0	0	0	0	0	0	0	1	0	0	0	0	0
806	725817600.0	1	0	0	0	0	1	0	1	0	0	0	0	0	0	0	0	0	0
807	725817600.0	0	0	0	0	0	0	0	1	0	0	0	0	0	0	0	0	0	0
808	725817600.0	1	0	0	0	0	0	0	1	0	0	0	0	0	0	0	0	0	0
809	725817600.0	1	0	0	0	0	0	0	1	0	0	0	0	1	0	0	0	0	0
810	757353600.0	1	0	0	0	0	0	0	0	0	0	0	0	0	0	0	0	0	0
811	725817600.0	0	0	0	0	0	0	1	0	0	0	0	0	0	0	0	0	0	0
812	757353600.0	0	1	0	1	0	0	0	0	0	0	0	0	0	0	0	0	0	0
813	826819200.0	0	0	0	0	0	0	1	0	0	0	0	0	0	0	0	0	0	0
814	757353600.0	0	0	0	0	0	0	1	0	0	0	0	0	0	0	0	0	0	0
815	849283200.0	0	0	0	0	0	0	0	1	0	0	0	0	0	1	0	0	0	0
816	788889600.0	0	0	0	0	0	0	0	0	0	0	1	0	0	0	0	0	0	0
817	828028800.0	0	0	0	0	0	0	0	1	0	0	0	0	0	0	0	0	0	0
818	827424000.0	0	0	0	0	1	0	0	0	0	0	0	0	0	0	0	0	0	0
819	833472000.0	0	0	0	0	1	0	0	0	0	0	0	0	0	0	0	0	0	0
820	847987200.0	0	1	1	1	1	0	0	0	1	0	0	0	0	0	0	0	0	0
821	829843200.0	0	0	0	0	1	0	0	0	0	0	0	0	0	1	0	0	0	0
822	-63187200.0	0	0	0	0	0	0	0	1	0	0	0	0	0	0	0	0	0	0
823	830448000.0	0	0	0	0	0	1	0	0	0	1	0	0	0	0	0	1	0	0
824	831052800.0	0	0	0	0	1	0	0	0	0	0	0	0	0	0	0	0	0	0
825	833472000.0	1	0	0	0	0	0	0	0	0	0	0	0	0	0	1	1	0	0
826	834076800.0	0	1	0	0	0	0	0	0	0	0	0	0	0	0	0	0	0	0
827	849801600.0	1	1	0	0	0	0	0	0	0	0	0	0	0	0	0	1	0	0
828	840556800.0	0	1	0	1	0	0	0	0	0	0	0	0	0	0	0	0	0	0
829	837705600.0	1	1	0	0	0	0	0	0	0	0	0	0	0	0	0	0	0	0
830	832262400.0	1	0	0	0	0	0	0	0	0	0	0	0	1	0	0	1	0	0
831	839520000.0	1	1	0	0	0	0	0	0	0	0	0	0	0	0	1	1	0	0
832	841939200.0	0	0	0	1	0	0	0	1	1	0	0	0	0	0	0	0	0	0
833	841939200.0	1	0	0	0	0	0	0	0	0	0	0	0	0	0	0	0	0	0
834	788889600.0	0	0	0	0	0	0	0	0	0	0	1	0	0	0	0	1	0	0
835	-1136102400.0	0	0	0	0	1	0	0	0	0	0	0	1	0	1	0	0	0	0
836	-978336000.0	0	0	0	0	1	0	0	0	0	0	0	0	0	1	0	0	0	0
837	-915177600.0	0	0	0	0	0	0	0	1	0	0	0	0	0	0	0	0	0	0
838	841334400.0	1	0	0	0	0	0	0	0	0	0	0	0	0	0	0	0	0	0
839	788889600.0	0	0	0	0	0	0	0	0	0	0	1	0	0	0	0	1	0	0
840	843148800.0	1	0	0	0	0	0	0	1	0	0	0	0	0	0	0	0	0	1
841	844358400.0	1	0	0	0	0	0	0	0	0	0	0	0	0	0	0	1	0	0
842	-315648000.0	0	0	0	1	1	0	0	1	0	0	0	0	0	0	0	0	0	0
843	-347184000.0	0	0	0	1	1	0	0	0	0	0	0	0	0	0	0	0	0	0
844	840729600.0	0	0	0	0	0	1	0	0	0	0	0	0	0	0	0	0	0	0
845	843840000.0	0	0	0	0	1	0	0	0	0	0	0	0	0	0	0	0	0	0
846	845568000.0	0	0	0	0	0	0	0	1	0	0	0	0	0	1	0	0	0	0
847	844963200.0	0	0	0	0	0	0	1	1	0	0	0	0	0	0	0	0	0	0
848	-820573200.0	0	0	0	0	0	0	0	0	0	1	0	0	0	0	0	1	0	0
849	631123200.0	1	0	0	0	0	0	0	0	0	0	0	0	0	1	0	0	0	0
850	843753600.0	0	0	0	0	0	0	1	0	0	0	0	0	0	0	0	0	0	0
851	-126259200.0	0	0	0	0	0	0	0	1	0	0	0	0	0	0	0	0	0	0
852	846259200.0	0	0	0	0	0	0	0	1	0	0	0	0	0	0	0	1	0	0
853	694195200.0	0	0	0	0	1	0	0	0	0	0	1	0	0	0	0	0	0	0
854	536428800.0	0	0	0	0	1	0	0	0	0	0	1	0	0	0	0	0	0	0
855	347126400.0	1	0	0	0	0	0	0	1	0	0	0	0	1	1	0	1	0	0
856	662659200.0	0	0	0	0	1	0	0	1	0	0	0	0	0	0	0	0	0	0
857	847382400.0	0	0	0	0	0	0	1	0	0	0	0	0	0	0	0	0	0	0
858	820425600.0	0	0	0	0	0	0	0	0	0	0	1	0	0	0	0	0	0	0
859	504892800.0	0	0	0	0	1	0	0	0	0	0	1	0	0	0	0	0	0	0
860	536428800.0	0	0	0	0	0	0	0	0	0	0	1	0	0	0	0	1	0	0
861	504892800.0	0	0	0	0	0	0	0	0	0	0	1	0	0	0	0	0	0	0
862	848592000.0	0	1	0	1	1	0	0	0	0	0	0	0	0	0	0	0	0	0
863	847382400.0	0	0	0	0	0	0	0	1	0	0	0	0	0	0	0	0	0	0
864	851011200.0	0	0	0	0	1	0	0	0	0	0	0	0	0	0	0	0	0	0
865	852048000.0	0	0	0	0	0	0	0	1	0	0	0	0	0	0	0	0	0	0
866	851443200.0	0	0	0	0	1	0	0	0	0	0	0	0	0	1	0	0	0	0
867	851443200.0	0	0	0	0	0	0	0	1	0	0	0	0	0	0	0	0	0	0
868	852825600.0	0	0	0	0	0	0	0	1	0	0	0	0	0	0	0	0	0	0
869	855849600.0	0	0	0	0	1	0	0	0	0	0	0	0	0	1	0	0	0	0
870	855849600.0	0	0	0	0	0	0	0	0	0	0	0	0	0	1	0	0	0	0
871	855849600.0	0	0	0	0	1	0	0	0	0	0	0	0	0	0	0	0	0	0
872	858268800.0	0	0	0	0	0	0	0	0	0	0	0	0	0	1	0	0	0	0
873	870364800.0	0	0	0	0	1	0	0	0	0	0	0	0	0	1	0	0	0	0
874	870969600.0	0	0	0	0	0	0	0	1	0	0	0	0	0	0	0	0	0	0
875	872179200.0	0	0	0	0	0	0	0	1	0	0	0	0	0	1	0	0	0	0
876	872179200.0	1	0	0	0	1	0	0	0	0	0	0	0	0	0	0	0	0	0
877	852048000.0	0	1	0	0	0	0	0	0	0	0	0	0	0	1	0	0	0	0
878	855849600.0	0	0	0	1	1	0	0	0	0	0	0	0	1	0	0	0	0	0
879	852048000.0	1	0	0	0	0	0	0	0	0	0	0	0	0	0	0	1	1	0
880	852048000.0	0	0	0	0	0	0	0	1	0	0	0	0	0	0	0	0	0	0
881	872179200.0	1	0	0	0	1	0	0	0	0	0	0	0	0	0	0	0	0	0
882	852048000.0	0	0	0	0	0	0	0	1	0	0	0	0	0	0	0	0	0	0
883	852048000.0	0	0	0	0	0	0	0	1	0	0	0	0	0	0	0	0	0	0
884	852048000.0	0	0	0	0	0	0	1	0	0	0	0	0	0	0	0	0	0	0
885	883584000.0	0	0	0	0	0	0	0	0	0	0	1	0	0	0	0	0	0	0
886	852048000.0	0	0	0	0	0	0	0	0	0	0	0	0	0	1	0	1	0	0
887	852048000.0	0	0	0	0	0	0	0	1	0	0	0	0	0	0	0	0	0	0
888	852048000.0	0	0	0	0	0	0	0	1	0	0	0	0	0	0	0	0	0	0
889	852048000.0	0	0	0	0	0	0	0	0	0	0	0	0	0	1	0	0	0	0
890	852048000.0	1	1	0	0	0	0	0	0	0	0	0	0	0	0	0	0	0	0
891	882374400.0	0	0	0	0	0	0	0	1	0	0	0	0	0	0	0	0	1	0
892	852048000.0	0	0	0	1	1	0	0	0	1	0	0	0	0	0	0	0	0	0
893	852048000.0	0	0	0	0	1	0	0	0	0	0	0	0	0	0	0	0	0	0
894	852048000.0	0	0	0	1	1	0	0	0	0	0	0	0	0	0	0	0	0	0
895	852048000.0	0	0	0	0	0	0	0	0	0	0	1	0	0	0	0	1	0	0
896	852048000.0	0	0	0	0	0	0	0	1	0	0	0	0	0	0	0	0	0	0
897	788889600.0	1	1	0	0	0	0	0	0	0	0	0	0	0	0	1	0	0	0
898	852048000.0	0	0	0	0	0	0	0	1	0	0	0	0	0	0	0	0	0	0
899	852048000.0	0	0	0	0	0	0	0	1	0	0	0	0	0	0	0	0	0	0
900	882979200.0	0	0	0	0	0	0	0	1	0	0	0	0	0	0	0	0	0	0
901	882979200.0	0	0	0	0	1	0	0	0	0	0	0	0	0	0	0	0	0	0
902	883065600.0	0	0	0	0	1	1	0	0	0	0	0	0	1	0	0	1	0	0
903	883065600.0	0	0	0	0	0	0	0	1	0	0	0	0	0	1	0	0	0	0
904	883065600.0	0	0	0	0	1	0	0	1	0	0	0	0	0	0	0	0	0	0
905	883584000.0	0	0	0	0	0	0	0	1	0	0	0	0	0	1	0	0	0	0
906	883497600.0	0	0	0	0	0	0	0	1	0	0	0	0	0	1	0	0	0	0
907	852048000.0	0	0	0	0	1	0	0	0	0	0	0	0	0	0	0	0	0	0
908	884880000.0	0	0	0	0	1	0	0	0	0	0	0	0	0	0	0	0	0	0
909	885484800.0	0	0	0	0	0	0	0	1	0	0	0	0	0	0	0	0	0	0
910	886694400.0	0	0	0	0	0	0	0	1	0	0	0	0	0	0	0	0	0	0
911	886089600.0	0	0	0	0	0	1	0	1	0	0	0	0	0	0	0	0	0	0
912	889459200.0	1	0	0	0	0	0	0	0	0	0	0	0	0	0	0	1	0	0
913	889459200.0	0	0	0	0	1	0	0	0	0	0	0	0	0	0	0	0	0	0
914	889804800.0	0	0	0	0	0	1	0	1	0	0	0	0	1	0	0	1	0	0
915	890323200.0	0	0	0	0	0	0	0	1	0	0	0	0	0	0	0	0	0	0
916	890928000.0	1	0	0	0	0	0	0	0	0	0	0	0	0	0	1	1	0	0
917	890928000.0	1	0	0	0	0	0	0	1	0	0	0	0	0	0	0	1	0	0
918	891532800.0	0	0	0	0	0	0	0	0	0	0	0	0	0	1	0	0	0	0
919	788889600.0	0	1	0	0	0	0	0	0	0	0	0	0	0	0	1	0	0	0
920	788889600.0	0	0	0	0	0	0	0	1	0	0	0	0	0	0	0	0	0	0
921	725817600.0	0	0	0	0	0	0	0	1	0	0	0	0	0	1	0	0	0	0
922	831657600.0	0	0	0	0	0	0	0	0	0	0	0	0	0	0	0	0	0	1
923	662659200.0	0	0	0	0	0	0	0	1	0	0	0	0	0	0	0	0	0	0
924	820425600.0	0	1	0	0	0	0	0	1	0	0	0	0	0	0	0	0	0	0
925	825004800.0	0	0	0	0	0	0	0	0	0	0	0	0	0	0	1	1	0	0
926	825609600.0	0	0	0	0	1	0	0	0	0	0	0	0	0	0	0	0	0	0
927	826214400.0	0	0	0	0	0	0	0	1	0	0	0	0	0	0	0	0	0	0
928	830448000.0	0	0	0	0	0	0	0	1	0	0	1	0	0	0	0	0	0	0
929	836323200.0	0	0	0	1	1	0	0	0	0	0	0	0	0	0	0	0	0	0
930	838742400.0	1	1	0	0	0	0	0	0	0	0	0	0	0	0	0	1	0	0
931	840729600.0	0	0	0	0	0	0	0	0	0	0	0	0	0	0	1	1	0	0
932	841334400.0	0	0	0	1	1	0	0	0	0	0	0	0	0	0	0	0	0	0
933	846172800.0	0	0	0	0	0	0	0	1	0	0	0	0	0	0	0	0	0	0
934	850406400.0	0	0	0	0	0	0	0	1	0	0	0	0	0	0	0	0	0	0
935	861292800.0	0	0	0	0	0	0	0	1	0	0	0	0	0	0	0	0	1	0
936	866131200.0	0	0	0	0	1	0	0	1	0	0	0	0	0	1	0	0	0	0
937	852048000.0	0	0	0	0	0	0	0	1	0	0	0	0	0	0	0	0	0	0
938	852048000.0	0	0	0	0	1	0	0	0	0	0	0	0	0	1	0	0	0	0
939	788889600.0	0	0	0	0	0	0	0	1	0	0	0	0	0	0	0	1	0	0
940	757353600.0	0	0	0	0	1	0	0	0	0	0	0	0	0	0	0	0	0	0
941	757353600.0	0	0	0	0	1	0	0	1	0	0	0	0	0	0	0	0	0	0
942	725817600.0	0	0	0	0	0	0	0	1	0	0	0	0	0	0	0	0	0	0
943	757353600.0	0	0	0	0	0	0	0	0	0	0	0	0	0	0	0	1	0	0
944	757353600.0	0	0	0	0	1	0	0	1	0	0	0	0	0	0	0	0	1	0
945	-220953600.0	0	0	0	0	1	0	0	0	0	0	0	0	1	1	0	1	0	0
946	347126400.0	0	0	1	1	0	0	0	0	0	0	0	0	0	0	0	0	0	0
947	567964800.0	0	1	0	0	0	0	0	0	0	0	0	0	0	1	0	0	0	0
948	857059200.0	0	0	0	0	1	0	0	0	0	0	0	0	0	1	0	0	0	0
949	788889600.0	0	0	0	0	0	0	0	1	0	0	0	0	0	1	0	0	0	0
950	788889600.0	0	0	0	0	0	0	0	1	0	0	0	0	0	0	0	0	0	0
951	788889600.0	0	1	0	1	0	0	0	0	1	0	0	0	0	0	0	0	0	0
952	788889600.0	0	0	0	0	1	0	0	0	0	0	0	0	0	0	0	0	0	0
953	788889600.0	0	0	0	0	1	0	0	1	0	0	0	0	0	0	0	0	0	0
954	788889600.0	0	0	0	0	0	0	1	0	0	0	0	0	0	0	0	0	0	0
955	788889600.0	0	0	0	0	0	0	0	1	0	0	0	0	0	1	0	0	0	0
956	757353600.0	0	0	0	0	0	0	0	1	0	0	0	0	0	0	0	0	0	0
957	694195200.0	0	0	0	0	1	0	0	0	0	0	0	0	0	0	0	0	0	0
958	757353600.0	0	0	0	0	0	0	0	1	0	0	0	0	0	0	0	0	0	0
959	725817600.0	0	0	0	0	1	0	0	0	0	0	0	0	0	0	0	0	0	0
960	725817600.0	0	0	0	0	0	0	0	1	0	0	0	0	0	0	0	0	0	0
961	725817600.0	0	0	0	0	0	0	0	1	0	0	0	0	0	0	0	0	0	0
962	725817600.0	0	0	0	0	0	0	0	1	0	0	0	0	0	0	0	0	0	0
963	725817600.0	0	0	0	0	0	0	0	1	0	0	0	0	0	0	0	1	0	0
964	788889600.0	0	0	0	0	1	0	0	1	0	0	0	0	0	0	0	0	0	0
965	-410256000.0	0	0	0	0	1	0	0	0	0	0	0	1	0	0	0	0	0	0
966	-410256000.0	0	0	0	0	0	0	0	0	0	0	0	0	0	1	0	0	0	0
967	-1073030400.0	0	0	0	0	0	0	0	1	0	0	0	0	0	0	0	0	0	0
968	-662716800.0	0	0	0	0	0	0	0	0	0	0	0	1	0	0	0	0	0	0
969	-63187200.0	0	0	1	1	0	0	0	0	0	0	0	0	0	0	0	0	0	0
970	662659200.0	0	0	0	0	1	0	0	0	0	0	0	0	0	0	0	0	0	0
971	662659200.0	0	0	0	0	1	0	0	0	0	0	0	0	0	0	0	0	1	0
972	694195200.0	0	0	0	0	0	0	0	1	0	0	0	0	0	0	0	0	0	0
973	845568000.0	0	0	0	0	0	0	1	0	0	0	0	0	0	0	0	0	0	0
974	820425600.0	0	0	0	0	0	0	0	1	0	0	0	0	0	0	0	1	0	0
975	829238400.0	0	0	0	0	0	0	0	0	0	0	0	0	0	0	0	1	0	0
976	840729600.0	1	0	0	0	0	0	0	0	0	0	0	0	0	0	1	1	0	0
977	829843200.0	1	0	0	0	0	0	0	0	0	0	0	0	0	0	0	0	0	0
978	831657600.0	0	0	0	0	0	0	0	0	0	0	0	0	1	0	0	1	0	0
979	841334400.0	0	0	0	0	0	0	0	1	0	0	0	0	0	0	0	1	0	0
980	846777600.0	0	0	0	0	0	0	0	1	0	0	0	0	0	0	0	0	0	0
981	841766400.0	0	0	0	0	0	0	0	1	0	0	0	0	0	0	0	0	0	0
982	842544000.0	1	1	0	0	0	0	0	0	0	0	0	0	0	0	0	1	0	0
983	842544000.0	0	0	0	0	0	0	0	0	0	0	0	0	0	0	0	1	0	0
984	854640000.0	0	0	0	0	0	0	0	0	0	0	0	0	0	0	0	1	0	0
985	847987200.0	0	0	0	0	0	0	0	1	0	0	0	0	0	0	0	0	0	0
986	852825600.0	0	0	0	0	0	0	0	0	0	0	0	0	0	0	0	1	0	0
987	863107200.0	0	0	0	0	0	0	0	0	0	0	0	0	0	0	0	1	0	0
988	855244800.0	0	0	0	0	1	0	0	0	0	0	0	0	0	1	0	0	0	0
989	859305600.0	0	0	1	1	0	0	0	0	0	0	0	1	0	0	0	0	0	0
990	860083200.0	0	0	0	0	0	0	0	1	0	0	0	0	0	1	0	0	0	0
991	860688000.0	0	0	0	0	0	1	0	0	0	0	0	0	0	0	0	0	0	0
992	866736000.0	0	0	0	0	1	0	0	0	0	0	0	0	0	0	0	1	0	0
993	867340800.0	0	1	1	1	1	0	0	0	0	0	0	1	0	0	0	0	0	0
994	866736000.0	0	0	0	0	0	0	0	1	0	0	0	0	0	0	0	0	0	0
995	852048000.0	0	0	0	0	1	0	0	0	0	0	0	0	0	0	0	0	0	0
996	788889600.0	0	0	0	1	1	0	0	0	0	0	0	0	0	0	0	0	0	0
997	788889600.0	0	0	0	0	1	0	0	0	0	0	0	0	0	0	0	0	0	0
998	757353600.0	0	0	0	0	1	0	0	0	0	0	0	0	0	0	0	0	0	0
999	757353600.0	0	0	0	0	1	0	0	0	0	0	0	0	0	0	0	0	0	0
1000	757353600.0	0	0	0	0	1	0	0	0	0	0	0	0	0	0	0	0	0	1
1001	841334400.0	0	0	0	0	1	0	0	0	0	0	0	0	0	0	0	0	0	0
1002	855244800.0	0	0	0	0	1	0	0	0	0	0	0	0	0	0	0	0	0	0
1003	855849600.0	0	0	0	1	1	0	0	0	0	0	0	0	1	0	0	0	0	0
1004	725817600.0	0	0	0	0	0	0	0	1	0	0	0	0	0	0	0	0	0	1
1005	662659200.0	0	0	0	0	0	0	0	1	0	0	0	0	0	0	0	0	0	0
1006	662659200.0	0	0	0	0	0	0	0	1	0	0	0	0	0	0	1	0	0	0
1007	854640000.0	0	0	0	0	1	0	0	0	0	0	0	0	0	0	0	0	0	0
1008	830880000.0	0	0	0	0	0	0	0	1	0	0	0	0	0	0	0	0	0	0
1009	834681600.0	0	0	0	0	0	0	0	1	0	0	0	0	0	0	0	0	0	0
1010	840124800.0	0	0	0	0	0	0	0	1	0	0	0	0	0	0	0	0	0	0
1011	843753600.0	0	0	0	0	0	1	0	0	0	0	0	0	0	0	0	0	0	0
1012	857664000.0	0	0	0	0	1	0	0	1	0	0	0	0	0	0	0	0	0	0
1013	860688000.0	1	1	0	0	0	0	0	0	0	0	0	0	0	0	0	1	0	0
1014	861897600.0	0	0	0	0	1	0	0	0	0	0	0	0	0	0	0	0	0	0
1015	864316800.0	0	0	0	1	0	0	0	1	0	0	0	0	0	0	0	0	0	0
1016	865526400.0	1	1	0	0	0	0	0	0	0	0	0	0	0	0	0	1	0	0
1017	844963200.0	0	0	0	0	0	0	0	1	0	0	0	0	0	0	0	0	0	0
1018	631123200.0	0	0	0	0	0	0	0	1	0	0	0	0	0	0	0	0	0	0
1019	599587200.0	1	0	0	0	0	0	0	0	0	0	0	0	0	0	0	1	0	0
1020	-820573200.0	0	0	0	0	0	0	0	0	0	0	0	0	1	0	0	1	0	0
1021	-220953600.0	0	0	0	0	0	0	0	1	0	0	0	0	0	0	0	0	0	0
1022	852048000.0	0	0	0	0	0	0	1	0	0	0	0	0	0	0	0	0	0	0
1023	863107200.0	0	0	0	0	1	0	0	0	0	0	0	0	0	0	0	0	0	0
1024	852048000.0	0	0	0	0	0	0	0	0	0	0	0	0	0	1	0	0	0	0
1025	852048000.0	1	0	0	0	0	0	0	1	0	0	0	0	0	0	0	1	0	0
1026	852048000.0	0	0	0	0	1	0	0	1	0	0	0	0	0	0	0	0	0	0
1027	788889600.0	1	0	0	0	0	0	0	0	0	0	0	0	0	0	0	0	0	0
1028	788889600.0	0	0	0	0	1	0	0	0	0	0	0	0	0	1	0	0	0	0
1029	788889600.0	0	0	0	0	1	0	0	0	0	0	0	0	0	0	0	0	0	0
1030	725817600.0	0	0	0	0	1	0	0	0	0	0	0	0	0	0	0	0	0	0
1031	757353600.0	0	1	0	1	0	0	0	0	0	0	0	0	0	0	0	0	0	0
1032	757353600.0	0	0	0	1	1	0	0	0	0	0	0	0	0	0	0	0	0	0
1033	826214400.0	0	1	0	1	0	0	0	0	0	0	0	0	0	0	0	0	0	0
1034	830448000.0	1	1	0	0	0	0	0	0	0	0	0	0	0	0	0	0	0	0
1035	725817600.0	0	0	0	0	1	0	0	0	0	0	0	0	0	0	0	0	0	0
1036	662659200.0	0	0	0	0	1	0	0	0	1	0	0	0	0	0	0	0	0	0
1037	378662400.0	0	0	0	0	1	0	0	0	0	0	0	1	0	1	0	0	0	0
1038	852048000.0	0	0	0	0	0	0	0	0	0	0	0	0	0	0	0	1	0	0
1039	854035200.0	0	0	0	0	0	0	0	1	0	0	0	0	0	0	0	0	0	0
1040	820425600.0	0	0	0	0	1	0	0	0	0	0	0	0	0	1	0	0	0	0
1041	788889600.0	0	0	0	0	1	0	0	0	0	0	0	0	0	1	0	0	0	0
1042	788889600.0	0	0	0	0	0	0	0	0	0	0	0	0	1	0	0	1	0	0
1043	788889600.0	0	0	0	0	1	0	0	0	0	0	0	0	0	0	0	0	0	0
1044	757353600.0	0	0	0	0	1	0	0	1	0	0	0	0	0	0	0	0	0	0
1045	725817600.0	0	0	0	0	0	0	0	1	0	0	0	0	0	0	0	0	0	0
1046	725817600.0	0	0	0	0	0	0	0	0	0	0	0	0	0	0	0	1	0	0
1047	837100800.0	0	0	0	0	1	0	0	0	0	0	0	0	0	0	0	0	0	0
1048	840729600.0	0	0	0	0	1	0	0	0	0	0	0	0	0	1	0	0	0	0
1049	838915200.0	0	0	0	0	1	0	0	0	0	0	0	0	0	0	0	0	0	0
1050	-725875200.0	0	0	0	0	0	0	0	1	0	0	0	0	0	1	0	0	0	0
1051	845654400.0	0	0	0	0	1	0	0	0	0	0	0	0	0	0	0	0	0	0
1052	788889600.0	0	0	0	0	1	0	0	0	0	0	1	0	0	0	0	0	0	0
1053	788889600.0	0	0	0	0	0	0	0	1	0	0	0	0	0	0	0	0	0	0
1054	824400000.0	0	0	0	0	1	0	0	0	0	0	0	0	0	0	0	0	0	0
1055	757353600.0	0	0	0	0	0	0	0	1	0	0	0	0	0	0	0	0	0	0
1056	694195200.0	0	0	0	0	0	0	0	0	0	0	1	0	0	0	0	0	0	0
1057	829843200.0	0	0	0	0	1	0	0	0	0	0	0	0	0	0	0	0	0	0
1058	757353600.0	0	1	0	0	0	0	0	1	0	0	0	0	0	0	0	0	0	0
1059	820425600.0	0	0	0	0	1	0	0	0	0	0	0	0	0	0	0	0	0	0
1060	838310400.0	0	1	0	1	0	0	0	0	0	0	0	0	0	0	0	0	0	0
1061	851443200.0	0	0	0	0	1	0	0	1	0	0	0	0	0	0	0	0	0	0
1062	885484800.0	0	0	0	0	0	0	0	1	0	0	0	0	0	0	0	0	0	0
1063	788889600.0	0	0	0	1	0	0	0	1	0	0	0	0	0	0	0	0	0	0
1064	-725875200.0	0	0	0	0	0	1	0	0	0	1	0	0	0	0	0	0	0	0
1065	410198400.0	0	0	0	0	0	0	1	0	0	0	0	0	0	0	0	0	1	0
1066	788889600.0	0	0	1	1	0	0	0	0	0	0	0	0	0	0	0	0	0	0
1067	824832000.0	0	0	0	0	1	0	0	0	0	0	0	0	0	0	0	0	0	0
1068	825609600.0	0	0	0	0	0	0	0	1	0	0	0	0	0	0	0	0	0	0
1069	757353600.0	0	0	0	0	0	1	0	1	0	0	0	0	0	0	0	1	0	0
1070	788889600.0	0	0	0	0	1	0	0	0	0	0	0	0	0	0	0	0	0	0
1071	788889600.0	0	0	0	0	1	0	0	0	0	0	0	0	0	0	0	0	0	0
1072	788889600.0	0	0	0	0	1	0	0	0	0	0	0	0	0	1	0	0	0	0
1073	757353600.0	0	0	0	0	0	0	0	0	0	0	0	0	0	0	0	1	0	0
1074	757353600.0	0	0	0	0	1	0	0	1	0	0	0	0	0	0	0	0	0	0
1075	757353600.0	0	0	0	0	0	0	0	1	0	0	0	0	0	0	0	0	0	0
1076	757353600.0	1	1	1	1	0	0	0	0	1	0	0	0	0	0	0	0	0	0
1077	757353600.0	0	0	0	0	0	0	0	0	0	0	0	0	0	0	0	1	0	0
1078	575568000.0	0	0	1	1	0	0	0	0	0	0	0	0	0	0	0	0	0	0
1079	838310400.0	0	0	0	0	1	0	0	0	0	0	0	1	0	0	0	0	0	0
1080	837100800.0	0	0	0	0	1	0	0	0	0	0	0	0	0	0	0	0	0	0
1081	843753600.0	0	0	0	0	0	1	0	0	0	0	0	0	0	0	0	0	0	0
1082	861897600.0	0	0	0	0	0	0	0	1	0	0	0	0	0	0	0	0	0	0
1083	853430400.0	0	0	0	0	0	1	0	0	0	0	0	0	0	0	0	1	0	0
1084	825004800.0	0	0	0	0	0	0	1	0	0	0	0	0	0	0	0	0	0	0
1085	828028800.0	0	0	0	0	0	0	0	1	0	0	0	0	0	1	0	0	0	0
1086	827424000.0	0	0	0	0	0	0	0	1	0	0	0	0	0	0	0	0	0	0
1087	825609600.0	1	0	0	0	0	0	0	0	0	0	0	0	0	0	0	0	0	0
1088	860083200.0	1	0	0	0	0	0	0	0	0	0	0	0	0	0	0	0	0	0
1089	866131200.0	1	0	0	0	0	0	0	0	0	0	0	0	0	1	0	1	0	0
1090	725817600.0	0	0	0	0	0	0	0	0	0	0	0	0	0	0	0	1	0	0
1091	220896000.0	0	1	1	1	0	0	0	0	0	0	0	1	0	0	0	0	0	0
1092	846777600.0	0	0	0	0	1	0	0	0	0	0	0	0	0	0	0	0	0	0
1093	825609600.0	0	0	0	0	1	0	0	0	0	0	0	0	0	0	0	0	0	0
1094	828460800.0	0	0	0	0	1	0	0	0	0	0	0	0	0	0	0	0	0	0
1095	846172800.0	0	0	0	0	1	0	0	0	0	0	0	0	0	0	0	0	0	0
1096	862502400.0	0	0	0	0	0	0	0	0	0	0	0	0	0	1	0	0	0	0
1097	823795200.0	0	0	0	0	0	0	0	1	0	0	0	0	0	0	0	0	0	0
1098	827424000.0	0	0	0	0	1	0	0	0	0	0	0	0	0	0	0	0	0	0
1099	757353600.0	0	0	0	0	0	0	0	1	0	0	0	0	0	0	0	0	0	0
1100	757353600.0	0	0	0	0	1	0	0	1	0	0	0	0	0	1	0	0	0	0
1101	725817600.0	0	0	0	0	0	0	0	1	0	0	0	0	1	0	0	0	0	0
1102	820425600.0	0	0	0	0	1	0	0	0	0	0	0	0	0	1	0	0	0	0
1103	631123200.0	0	0	0	0	1	0	0	1	0	0	0	0	0	0	0	0	0	0
1104	694195200.0	0	0	0	0	1	1	0	1	0	0	0	0	0	0	0	0	0	0
1105	884275200.0	1	1	0	0	0	0	0	0	0	0	0	0	0	0	0	1	0	0
1106	889804800.0	0	0	0	0	0	1	0	1	0	0	0	0	0	0	0	0	0	0
1107	788889600.0	0	0	0	0	0	0	0	1	0	0	0	0	0	0	0	0	0	0
1108	788889600.0	0	0	0	0	0	0	0	1	0	0	0	0	0	0	0	0	0	0
1109	757353600.0	0	0	0	0	0	0	0	1	0	0	0	0	0	0	0	1	0	0
1110	788889600.0	1	0	0	0	1	0	0	0	0	0	0	1	0	0	1	0	0	0
1111	825609600.0	0	0	0	0	0	0	0	1	0	0	0	0	0	0	0	0	0	0
1112	757353600.0	0	0	0	0	0	0	0	1	0	0	0	0	0	0	0	0	0	0
1113	757353600.0	0	0	0	0	0	0	0	1	0	0	0	0	0	0	0	0	0	0
1114	828460800.0	0	0	0	0	1	0	0	0	0	0	0	0	0	0	0	0	0	0
1115	846172800.0	0	0	0	0	1	0	0	1	0	0	0	0	0	1	0	0	0	0
1116	-946800000.0	0	1	0	0	0	0	0	0	0	0	0	0	0	0	0	0	0	0
1117	843148800.0	0	0	0	0	0	0	0	1	0	0	0	0	0	0	0	0	0	0
1118	252432000.0	0	0	0	0	1	0	0	0	0	0	0	0	0	0	0	0	0	0
1119	536428800.0	0	0	0	0	0	0	0	1	0	0	0	0	0	1	0	0	0	0
1120	847814400.0	0	0	0	0	1	0	0	0	0	0	0	0	0	0	0	0	0	0
1121	828633600.0	0	0	0	0	0	0	0	1	0	0	0	1	0	0	0	0	0	0
1122	-978336000.0	0	0	0	0	0	1	0	1	0	0	0	0	0	0	0	0	0	0
1123	-504950400.0	0	0	0	0	0	0	0	1	0	0	0	0	0	0	0	0	0	0
1124	-1199260800.0	0	0	0	0	0	0	0	0	0	0	0	0	0	1	0	0	1	0
1125	-284025600.0	0	0	0	0	0	0	0	0	0	0	0	0	0	0	0	1	0	0
1126	-378720000.0	0	1	0	0	0	0	0	1	0	0	0	0	0	0	0	0	0	0
1127	883584000.0	0	0	0	0	0	0	0	1	0	0	0	0	0	0	0	0	0	0
1128	823795200.0	0	0	0	0	0	0	1	0	0	0	0	0	0	0	0	0	0	0
1129	824400000.0	0	0	0	0	0	0	0	1	0	0	0	0	1	1	0	0	0	0
1130	823795200.0	0	0	0	0	0	0	1	0	0	0	0	0	0	0	0	0	0	0
1131	788889600.0	0	0	0	0	0	0	0	0	0	0	0	0	0	0	0	1	0	0
1132	842544000.0	0	0	0	0	0	0	0	1	0	0	0	0	0	1	0	0	0	0
1133	157737600.0	0	1	0	1	0	0	0	0	1	0	0	0	0	0	0	0	0	0
1134	845395200.0	0	0	0	0	0	0	0	1	0	0	0	0	0	0	0	0	0	0
1135	662659200.0	0	0	0	0	0	0	0	1	0	0	0	1	0	0	0	0	0	0
1136	851011200.0	0	0	0	0	0	0	0	1	0	0	0	0	0	0	0	0	0	0
1137	844790400.0	0	0	0	0	0	0	0	1	0	0	0	0	0	1	0	0	0	0
1138	873043200.0	1	0	0	0	1	1	0	1	0	0	0	0	0	0	0	0	0	0
1139	788889600.0	1	0	0	0	0	1	0	0	0	0	0	0	0	0	0	1	0	0
1140	757353600.0	0	0	0	0	1	0	0	0	0	0	0	0	0	0	0	0	0	0
1141	725817600.0	0	0	0	0	0	0	1	0	0	0	0	0	0	0	0	0	0	0
1142	855849600.0	0	0	0	0	0	0	1	0	0	0	0	0	0	0	0	0	0	0
1143	857059200.0	0	0	0	0	0	1	0	0	0	0	0	0	0	0	0	1	0	0
1144	862502400.0	0	0	0	0	0	0	0	1	0	0	0	0	0	0	0	0	0	0
1145	757353600.0	0	0	0	0	0	0	0	1	0	0	0	0	0	0	0	0	0	0
1146	725817600.0	0	0	0	0	0	0	0	1	0	0	0	0	0	0	0	0	0	0
1147	788889600.0	0	0	0	0	0	0	0	1	0	0	0	0	0	0	0	0	0	0
1148	757353600.0	0	0	0	0	0	0	0	1	0	0	0	0	0	0	0	0	0	0
1149	62006400.0	0	0	0	0	0	0	0	1	0	0	0	0	0	0	0	0	0	0
1150	831052800.0	0	0	0	0	0	0	0	1	0	0	0	0	0	0	0	0	0	0
1151	831657600.0	0	0	0	0	0	1	0	0	0	0	0	0	0	0	0	0	0	0
1152	854035200.0	0	0	0	0	0	0	0	0	0	0	0	0	0	1	0	0	1	0
1153	725817600.0	0	0	0	0	0	0	0	1	0	0	0	1	0	0	0	0	0	0
1154	-157795200.0	0	0	0	0	0	0	0	0	0	0	0	0	0	0	1	0	0	0
1155	835891200.0	0	0	0	0	1	0	0	0	0	0	0	0	0	1	0	0	0	0
1156	838915200.0	0	0	0	0	0	1	0	1	0	0	0	0	0	0	0	0	0	0
1157	853430400.0	0	0	0	0	0	0	0	0	0	0	1	0	0	0	0	0	0	0
1158	846604800.0	0	0	0	0	0	0	0	1	0	0	0	0	0	0	0	0	0	0
1159	283968000.0	0	0	0	0	0	0	0	0	0	0	0	0	1	0	1	0	0	0
1160	863712000.0	0	0	0	0	0	0	0	1	0	0	0	0	0	1	0	0	0	0
1161	846172800.0	1	0	0	0	0	0	0	1	0	0	0	0	0	0	0	0	0	0
1162	838915200.0	0	0	0	0	1	0	0	0	0	0	0	0	0	0	0	0	0	0
1163	851616000.0	0	0	0	0	0	0	0	1	0	0	0	0	0	0	0	0	0	0
1164	852825600.0	0	0	0	1	0	0	0	0	0	0	0	0	0	0	0	0	0	0
1165	820425600.0	0	0	0	0	1	0	0	1	0	0	0	0	0	0	0	0	0	0
1166	725817600.0	0	0	0	0	1	0	0	0	0	0	0	0	0	0	0	0	0	0
1167	757353600.0	0	0	0	0	1	0	0	0	0	0	0	0	0	0	0	0	0	0
1168	725817600.0	0	0	0	0	0	0	0	1	0	0	0	0	0	0	0	0	0	0
1169	757353600.0	0	0	0	0	0	0	0	1	0	0	0	0	0	0	0	0	0	0
1170	757353600.0	0	0	0	0	1	0	0	1	0	0	0	0	0	0	0	0	0	0
1171	757353600.0	0	0	0	0	0	0	0	1	0	0	0	0	0	0	0	0	0	0
1172	-978336000.0	0	0	0	0	1	0	0	0	0	0	0	0	0	0	0	0	0	0
1173	865526400.0	0	0	0	0	0	0	0	1	0	0	0	0	0	1	0	0	0	0
1174	843753600.0	0	0	0	0	0	0	0	1	0	0	0	0	0	0	0	1	0	0
1175	852048000.0	0	0	0	0	0	0	0	0	0	0	0	0	0	1	0	0	0	0
1176	852048000.0	0	0	0	0	0	0	0	1	0	0	0	0	0	0	0	0	1	0
1177	820425600.0	0	0	0	0	1	0	0	0	0	0	0	0	0	0	0	0	0	0
1178	757353600.0	0	0	0	0	1	0	0	0	0	0	0	0	0	0	0	0	0	0
1179	788889600.0	0	0	0	0	1	0	0	0	0	0	0	0	0	0	0	0	0	0
1180	757353600.0	1	0	0	0	1	0	0	0	0	0	0	0	0	0	0	0	0	0
1181	757353600.0	1	0	0	0	1	0	0	0	0	0	0	0	0	0	0	0	0	0
1182	757353600.0	0	0	0	0	1	0	0	0	0	0	0	0	0	0	0	0	0	0
1183	757353600.0	1	0	0	0	1	0	0	0	0	0	0	0	0	0	0	0	0	0
1184	757353600.0	0	0	0	0	0	0	1	0	0	0	0	0	0	0	0	0	0	0
1185	757353600.0	0	0	0	0	1	0	0	0	0	0	0	0	0	0	0	0	1	0
1186	757353600.0	0	0	0	0	1	0	0	1	0	0	0	0	0	0	0	0	0	0
1187	169488000.0	0	0	0	0	0	1	0	0	0	0	0	0	0	0	0	0	0	0
1188	631123200.0	1	0	0	0	1	0	0	0	0	0	0	0	0	0	0	0	0	1
1189	854035200.0	0	0	0	0	0	0	0	1	0	0	0	0	0	0	0	0	0	0
1190	860083200.0	0	0	0	0	1	0	0	0	0	0	0	0	0	1	0	0	0	0
1191	886262400.0	0	0	0	0	0	1	0	1	0	0	0	0	0	0	0	0	0	0
1192	725817600.0	0	0	0	0	0	0	0	1	0	0	0	0	0	0	0	0	0	0
1193	757353600.0	0	0	0	0	0	0	0	1	0	0	0	0	0	0	0	0	0	0
1194	757353600.0	0	0	0	0	0	1	0	1	0	0	0	0	0	0	0	0	0	0
1195	725817600.0	0	0	0	0	0	0	0	1	0	0	0	0	0	0	0	0	0	0
1196	694195200.0	0	0	0	0	0	0	0	1	0	0	0	0	0	0	0	0	0	0
1197	827510400.0	0	0	0	0	1	0	0	1	0	0	0	0	0	0	0	0	0	0
1198	-300182400.0	0	0	0	0	0	1	0	0	0	0	0	0	0	0	0	1	0	0
1199	829238400.0	0	0	0	0	1	0	0	0	0	0	1	0	0	0	0	0	0	0
1200	-631180800.0	0	0	0	1	0	0	0	1	0	0	0	0	0	0	0	0	0	0
1201	828374400.0	0	0	0	0	0	0	1	0	0	0	0	0	0	0	0	0	0	0
1202	837705600.0	0	0	0	0	1	0	0	0	0	0	0	0	0	0	0	0	0	0
1203	-1104566400.0	0	0	0	0	1	0	0	0	0	0	0	1	0	1	0	0	0	0
1204	-883641600.0	0	0	0	0	1	0	0	1	0	0	0	0	0	0	0	0	1	0
1205	847382400.0	0	0	0	0	0	0	0	1	0	0	0	0	0	0	0	0	0	0
1206	725817600.0	0	0	0	0	1	0	0	0	0	0	0	0	0	0	0	0	0	0
1207	788889600.0	0	0	0	0	0	0	0	0	0	0	0	0	0	0	0	1	0	0
1208	788889600.0	0	0	0	0	0	1	0	1	0	0	0	0	0	0	0	1	0	0
1209	757353600.0	0	0	0	0	1	0	0	0	0	0	0	0	0	0	0	0	0	0
1210	788889600.0	0	0	0	0	0	0	0	0	0	0	0	0	0	0	1	1	0	0
1211	757353600.0	0	0	0	0	0	0	0	1	0	0	0	0	0	1	0	0	0	0
1212	725817600.0	0	0	0	0	0	0	0	1	0	0	0	0	1	1	0	0	0	0
1213	725817600.0	0	0	0	0	0	1	0	1	0	0	0	0	0	0	0	1	0	0
1214	195062400.0	0	0	0	0	0	0	0	1	0	0	0	0	0	0	0	0	0	0
1215	831052800.0	1	0	0	0	0	0	0	0	0	0	0	0	0	0	1	0	0	0
1216	861292800.0	0	0	0	0	0	0	0	0	0	0	0	0	0	1	0	0	0	0
1217	788889600.0	0	0	0	0	0	0	0	0	0	0	0	0	0	0	0	1	0	0
1218	788889600.0	0	0	0	0	1	0	0	0	0	0	0	0	0	0	0	0	0	0
1219	788889600.0	0	0	1	1	1	0	0	0	0	0	0	0	0	1	0	0	0	0
1220	788889600.0	0	0	0	0	0	0	0	1	0	0	0	0	0	0	0	0	0	0
1221	757353600.0	0	0	0	0	0	0	0	1	0	0	0	0	0	0	0	0	0	0
1222	725817600.0	1	0	0	0	0	0	0	0	0	0	0	0	0	0	0	0	0	0
1223	725817600.0	0	0	0	0	0	0	0	1	0	0	0	0	0	0	0	0	0	0
1224	757353600.0	0	0	0	0	0	0	0	1	0	0	0	0	0	0	0	0	0	0
1225	788889600.0	0	0	0	0	1	0	0	0	0	0	0	0	0	0	0	0	0	0
1226	863712000.0	0	0	0	0	0	1	0	1	0	0	0	0	0	0	0	0	0	0
1227	788889600.0	0	0	0	0	0	0	0	1	0	0	0	0	0	0	0	0	0	0
1228	788889600.0	1	0	0	0	0	0	0	0	0	0	0	0	0	0	0	0	0	0
1229	788889600.0	0	0	0	0	0	0	0	1	0	0	0	0	0	0	0	1	0	0
1230	757353600.0	0	0	0	0	1	0	0	0	0	0	0	0	0	0	0	0	0	0
1231	631123200.0	1	0	0	0	0	0	0	1	0	0	0	0	0	0	0	0	0	0
1232	662659200.0	0	0	0	0	0	0	1	0	0	0	0	0	0	0	0	0	0	0
1233	820425600.0	0	0	0	0	0	0	0	1	0	0	0	0	0	0	0	0	0	0
1234	883584000.0	0	0	0	0	1	0	0	0	0	0	0	0	0	0	0	0	0	0
1235	757353600.0	0	0	0	0	0	1	0	0	0	0	0	0	0	0	0	0	0	0
1236	852048000.0	0	0	0	0	0	0	0	1	0	0	0	0	0	0	0	0	0	0
1237	820425600.0	0	0	0	0	1	0	0	1	0	0	0	0	0	0	0	0	0	0
1238	820425600.0	0	0	0	0	0	0	0	1	0	0	0	0	0	0	0	0	0	0
1239	788889600.0	1	1	0	0	0	0	0	0	0	0	0	0	0	1	0	0	0	0
1240	829238400.0	0	0	1	0	0	0	0	0	0	0	0	0	0	0	1	0	0	0
1241	867340800.0	0	0	0	0	1	0	0	1	0	0	0	0	0	0	0	0	0	0
1242	662659200.0	0	0	0	0	1	0	0	0	0	0	0	0	0	0	0	0	0	0
1243	886694400.0	0	0	0	0	0	0	0	0	0	0	1	0	0	0	0	0	0	0
1244	853430400.0	1	0	0	0	0	0	0	0	0	0	0	0	0	0	0	0	0	0
1245	854467200.0	0	0	0	0	0	1	0	0	0	0	0	0	0	0	0	0	0	0
1246	788889600.0	0	0	0	0	1	0	0	0	0	0	0	0	0	0	0	0	0	0
1247	757353600.0	0	0	0	0	0	0	0	0	0	0	0	0	0	0	0	0	0	1
1248	757353600.0	0	0	0	0	0	0	0	0	0	0	0	0	0	0	0	1	0	0
1249	725817600.0	0	0	0	0	1	0	0	0	0	0	0	0	0	0	0	0	0	0
1250	788889600.0	1	0	0	0	0	0	0	0	0	0	0	0	0	0	0	0	0	0
1251	861897600.0	0	0	0	0	1	0	0	0	0	0	0	0	0	0	0	0	0	0
1252	867340800.0	0	0	0	0	0	0	0	1	0	0	0	0	0	0	0	0	0	0
1253	788889600.0	0	0	0	0	0	0	0	0	0	0	0	0	0	0	0	1	0	0
1254	864921600.0	0	0	0	0	1	0	0	0	0	0	0	0	0	0	0	0	0	0
1255	862502400.0	0	0	0	0	0	0	0	1	0	0	0	0	0	0	0	0	0	0
1256	864316800.0	0	0	0	0	0	0	0	1	0	0	0	0	0	0	0	0	0	0
1257	864316800.0	0	0	0	0	0	0	0	1	0	0	0	0	0	0	0	0	0	0
1258	864921600.0	0	0	0	0	1	0	0	0	0	0	0	0	0	1	0	0	0	0
1259	823795200.0	0	0	0	0	1	0	0	0	0	0	0	0	0	1	0	0	0	0
1260	788889600.0	0	0	0	0	0	0	0	1	0	0	0	0	0	0	0	0	0	0
1261	788889600.0	0	0	0	0	0	0	0	1	0	0	0	0	0	0	0	0	0	0
1262	837100800.0	0	0	0	0	0	0	0	0	0	0	0	0	0	1	0	0	0	0
1263	840729600.0	0	0	0	0	0	0	0	1	0	0	0	0	0	0	0	0	0	0
1264	840124800.0	0	0	0	0	0	0	0	1	0	0	0	0	0	0	0	0	0	0
1265	852048000.0	0	0	0	0	0	0	0	1	0	0	0	0	0	0	0	0	0	0
1266	94665600.0	0	0	0	0	0	0	0	1	0	0	0	0	0	0	0	0	0	0
1267	788889600.0	0	0	0	0	0	0	0	1	0	0	0	0	0	0	0	0	0	0
1268	694195200.0	0	0	0	0	0	0	0	1	0	0	0	0	0	0	0	0	0	0
1269	-410256000.0	0	0	0	0	1	0	0	0	0	0	0	0	0	1	0	0	0	0
1270	725817600.0	0	0	0	0	1	0	0	0	0	0	0	0	0	0	0	0	0	0
1271	757353600.0	0	0	0	0	1	0	0	0	0	0	0	0	0	0	0	0	0	0
1272	757353600.0	0	0	0	0	1	0	0	1	0	0	0	0	0	0	0	0	0	0
1273	757353600.0	0	0	0	0	0	0	0	1	0	0	0	0	0	0	0	1	0	0
1274	725817600.0	0	0	0	0	0	0	0	0	0	0	0	0	0	0	1	1	0	0
1275	757353600.0	0	0	0	0	0	0	0	0	0	0	0	0	0	0	0	1	0	0
1276	830448000.0	0	0	0	0	0	0	0	1	0	0	0	0	0	0	0	0	0	0
1277	843580800.0	1	0	0	0	0	1	0	0	0	0	0	0	0	0	0	0	0	0
1278	858873600.0	0	0	0	0	0	0	0	1	0	0	0	1	0	0	0	0	0	0
1279	867945600.0	0	1	0	1	0	0	0	0	0	0	0	0	0	0	0	0	0	0
1280	852048000.0	0	0	0	0	0	1	0	0	0	0	0	0	0	0	0	0	0	0
1281	838310400.0	0	0	0	0	0	0	0	1	0	0	0	0	0	0	0	0	0	0
1282	844963200.0	0	0	0	0	0	0	0	1	0	0	0	0	0	0	0	0	0	0
1283	867945600.0	0	0	0	0	1	0	0	0	0	0	0	0	0	0	0	0	0	0
1284	825004800.0	0	0	0	0	0	0	0	1	0	0	0	0	1	0	0	0	0	0
1285	757353600.0	0	0	0	0	0	0	0	1	0	0	0	0	0	0	0	0	0	0
1286	-1041408000.0	0	0	0	0	1	0	0	0	0	0	0	1	0	1	0	0	0	0
1287	826214400.0	0	0	0	0	1	0	0	0	0	0	0	0	0	0	0	0	0	0
1288	828028800.0	0	0	0	0	1	0	0	0	0	0	0	0	0	0	0	0	0	0
1289	827424000.0	0	0	0	0	0	0	0	0	0	0	0	0	0	1	0	0	0	0
1290	757353600.0	0	0	0	0	0	0	0	1	0	0	0	0	0	1	0	0	0	0
1291	829843200.0	0	0	0	0	1	0	0	0	0	0	0	0	0	0	0	0	0	0
1292	868550400.0	0	0	0	1	0	0	0	0	1	0	0	0	0	0	0	0	0	0
1293	884880000.0	0	1	0	1	0	0	0	0	1	0	0	0	0	0	1	0	0	0
1294	887299200.0	0	0	0	0	0	0	1	0	0	0	0	0	0	0	0	0	0	0
1295	852048000.0	0	0	0	0	1	0	0	1	0	0	0	0	0	0	0	0	0	0
1296	820425600.0	0	0	0	0	1	0	0	1	0	0	0	0	0	0	0	0	0	0
1297	757353600.0	0	0	0	0	0	0	0	1	0	0	0	0	0	1	0	0	0	0
1298	-536486400.0	0	0	0	0	1	0	0	0	0	0	0	1	0	0	0	0	0	0
1299	-915177600.0	0	0	0	0	0	0	0	1	0	0	0	0	0	1	0	0	0	0
1300	864921600.0	0	0	0	0	0	0	0	1	0	0	0	0	0	1	0	0	0	0
1301	347126400.0	0	0	0	0	1	0	0	0	0	0	0	0	0	0	0	0	0	0
1302	865526400.0	0	0	0	0	1	0	0	0	0	0	0	0	0	0	0	0	0	0
1303	757353600.0	1	0	0	0	0	0	0	0	0	0	0	0	0	0	0	0	0	0
1304	820425600.0	1	0	0	0	0	1	0	0	0	0	0	0	0	0	0	0	0	0
1305	788889600.0	0	0	0	0	1	0	0	0	0	0	0	0	0	0	0	0	0	0
1306	757353600.0	0	0	0	0	0	0	0	1	0	0	0	0	0	0	0	0	0	0
1307	757353600.0	0	0	0	0	0	0	1	0	0	0	0	0	0	0	0	0	0	0
1308	757353600.0	0	0	0	0	1	0	0	1	0	0	0	0	0	0	0	0	0	0
1309	126201600.0	0	0	0	0	0	0	0	1	0	0	0	0	0	0	0	0	0	0
1310	-788950800.0	0	0	0	0	0	0	0	1	0	0	0	0	0	0	0	0	0	0
1311	821635200.0	0	0	0	0	1	0	0	1	0	0	0	0	0	0	0	0	0	0
1312	838310400.0	0	0	0	0	1	0	0	1	0	0	0	0	0	0	0	0	0	0
1313	887904000.0	0	0	0	0	0	0	0	0	0	1	0	0	1	0	0	1	0	0
1314	757353600.0	1	1	0	0	0	0	0	0	0	0	0	0	0	0	0	1	0	0
1315	860083200.0	0	0	0	0	0	0	0	1	0	0	0	0	0	1	0	0	0	0
1316	882979200.0	0	0	0	0	0	0	0	1	0	0	0	0	0	0	0	0	0	0
1317	827424000.0	0	0	0	0	0	0	0	1	0	0	0	0	0	0	0	0	0	0
1318	834076800.0	0	0	0	0	0	0	1	0	0	0	0	0	0	0	0	0	0	0
1319	825609600.0	0	0	0	0	0	0	0	1	0	0	0	0	0	0	0	0	0	0
1320	831052800.0	0	0	0	0	0	0	0	1	0	0	0	0	0	0	0	0	0	0
1321	831657600.0	0	0	0	0	1	0	0	0	0	0	0	0	0	0	0	0	0	0
1322	725817600.0	0	0	0	0	1	0	0	0	0	0	0	0	0	0	0	0	0	0
1323	757353600.0	0	0	0	0	0	0	0	1	0	0	0	0	0	0	0	0	0	0
1324	829238400.0	0	0	0	0	0	0	0	1	0	0	0	0	0	0	0	1	0	0
1325	829238400.0	0	0	0	0	0	0	0	1	0	0	0	0	0	0	0	0	0	0
1326	831657600.0	0	0	0	0	0	0	0	1	0	0	0	0	0	0	0	0	0	0
1327	779644800.0	0	0	0	0	0	0	0	1	0	0	0	0	0	0	0	0	0	0
1328	831657600.0	0	0	0	0	0	0	0	1	0	0	0	0	0	0	0	0	0	0
1329	831657600.0	0	0	0	0	0	0	0	1	0	0	0	0	0	0	0	0	0	0
1330	757353600.0	0	0	0	0	0	0	0	1	0	0	0	0	0	0	0	0	0	0
1331	788889600.0	0	0	0	0	0	0	1	0	0	0	0	0	0	0	0	0	0	0
1332	725817600.0	0	0	0	0	0	0	0	1	0	0	0	0	0	0	0	0	0	0
1333	757353600.0	0	0	0	0	1	0	0	1	0	0	0	0	0	0	0	0	0	0
1334	834681600.0	0	0	0	0	0	0	0	1	0	0	0	0	0	0	0	0	0	0
1335	842544000.0	0	0	0	0	0	0	0	1	0	0	0	0	0	0	0	0	0	0
1336	837532800.0	0	0	0	1	1	0	0	0	1	0	0	0	0	0	0	0	0	0
1337	846777600.0	0	0	0	0	1	0	0	0	0	0	0	0	0	0	0	0	0	0
1338	839520000.0	0	0	0	0	0	0	0	1	0	0	0	0	0	0	0	0	0	0
1339	725817600.0	0	0	0	0	1	0	0	1	0	0	0	0	0	0	0	0	0	0
1340	788889600.0	0	0	0	0	0	0	0	0	0	0	0	0	0	1	0	0	0	0
1341	694195200.0	0	0	0	0	0	0	0	1	0	0	0	0	0	0	0	0	0	0
1342	834681600.0	0	0	0	0	0	0	0	1	0	0	0	0	0	0	0	0	0	0
1343	788889600.0	0	0	0	0	0	0	0	1	0	0	0	0	0	0	0	0	0	0
1344	725817600.0	0	0	0	0	0	0	0	1	0	0	0	0	0	0	0	0	0	0
1345	757353600.0	0	0	0	0	0	0	0	1	0	0	0	0	0	0	0	0	0	0
1346	694195200.0	0	0	0	0	0	0	0	1	0	0	0	0	0	0	0	0	0	0
1347	-378720000.0	0	0	0	0	0	0	0	1	0	0	0	0	0	0	0	0	0	0
1348	631123200.0	0	0	0	0	0	0	0	1	0	0	0	0	0	0	0	0	0	0
1349	725817600.0	0	0	0	0	1	0	0	0	0	0	0	0	0	0	0	0	0	0
1350	-662716800.0	0	0	0	0	0	0	0	1	0	0	0	0	0	0	0	0	0	0
1351	837100800.0	0	0	0	0	1	0	0	0	0	0	0	0	0	0	0	0	0	0
1352	189273600.0	0	0	0	0	0	0	0	1	0	0	0	0	0	0	0	0	0	0
1353	757353600.0	0	0	0	0	0	0	0	0	0	0	0	0	0	1	0	0	0	0
1354	694195200.0	0	0	0	0	0	0	0	1	0	0	0	0	0	0	0	0	0	0
1355	844358400.0	0	0	0	0	0	0	0	1	0	0	0	0	0	0	0	0	0	0
1356	844358400.0	0	0	0	0	1	0	0	0	0	0	0	0	0	0	0	0	0	0
1357	757353600.0	0	0	0	0	0	0	0	0	0	0	0	0	0	1	0	0	1	0
1358	842803200.0	1	0	0	0	0	0	0	0	0	0	0	0	0	0	0	0	0	0
1359	843494400.0	0	0	0	0	0	0	0	1	0	0	0	0	0	0	0	0	0	0
1360	757353600.0	0	0	0	0	1	0	0	0	0	0	0	0	0	0	0	0	0	0
1361	820425600.0	0	0	0	0	1	0	0	0	0	0	0	0	0	0	0	0	0	0
1362	842544000.0	1	0	0	0	0	0	0	0	0	0	0	0	0	0	0	0	0	0
1363	843753600.0	0	0	0	0	0	0	1	0	0	0	0	0	0	0	0	0	0	0
1364	844358400.0	1	0	0	0	0	0	0	0	0	0	0	0	0	0	0	0	0	0
1365	725817600.0	1	0	0	0	0	0	0	1	0	0	0	0	0	0	0	0	0	0
1366	757353600.0	0	0	0	0	0	0	1	1	0	0	0	0	0	0	0	0	0	0
1367	757353600.0	0	0	1	0	0	0	0	0	0	0	0	0	0	0	0	0	0	0
1368	757353600.0	0	0	0	0	0	0	0	1	0	0	0	0	0	0	0	0	0	0
1369	-631180800.0	0	0	0	0	0	0	0	1	0	0	0	0	0	0	0	0	0	0
1370	757353600.0	0	0	0	0	0	0	0	1	0	0	0	0	0	0	0	1	0	0
1371	757353600.0	0	0	0	0	1	0	0	0	0	0	1	0	0	0	0	0	0	0
1372	757353600.0	1	0	0	0	0	0	0	0	0	0	0	0	0	0	0	0	0	0
1373	34444800.0	0	0	0	0	0	0	0	0	0	0	0	0	0	0	0	0	0	0
1374	315504000.0	0	0	0	0	1	0	0	0	0	0	0	0	0	0	0	0	0	0
1375	725817600.0	0	0	0	0	0	0	0	1	0	0	0	0	0	0	0	0	0	0
1376	854640000.0	0	0	0	0	1	0	0	0	0	0	0	0	0	0	0	0	0	0
1377	855244800.0	0	0	0	0	1	0	0	0	0	0	0	0	0	1	0	0	0	0
1378	857491200.0	0	0	0	0	0	0	1	0	0	0	0	0	0	0	0	0	0	0
1379	859478400.0	0	0	0	0	0	0	0	0	0	0	0	0	0	1	0	0	0	0
1380	862502400.0	0	0	0	0	0	0	0	1	0	0	0	0	0	0	0	0	0	0
1381	820425600.0	0	0	0	0	0	0	0	1	0	0	0	0	0	0	0	0	0	0
1382	863712000.0	0	0	0	0	0	0	0	1	0	0	0	0	0	0	0	0	0	0
1383	863712000.0	0	1	0	1	0	0	0	0	0	0	0	0	0	0	0	0	0	0
1384	866131200.0	0	0	0	0	0	0	0	1	0	0	0	0	0	0	0	0	0	0
1385	866736000.0	0	0	0	0	1	0	0	0	0	0	0	0	0	1	0	0	0	0
1386	866736000.0	0	0	0	0	0	0	0	0	0	0	0	0	0	0	1	0	0	0
1387	867340800.0	0	0	0	0	0	0	0	0	0	0	0	0	0	1	0	0	0	0
1388	867340800.0	0	0	0	0	0	0	0	1	0	0	0	0	0	0	0	0	0	0
1389	867340800.0	0	0	0	0	0	0	0	1	0	0	0	0	0	0	0	0	0	0
1390	867340800.0	0	0	0	0	0	1	0	0	0	0	0	0	0	0	0	0	0	0
1391	867945600.0	0	0	0	0	0	0	0	1	0	0	0	0	0	0	0	0	0	0
1392	852048000.0	0	0	0	0	0	0	0	1	0	0	0	0	0	0	0	0	0	0
1393	852048000.0	1	0	0	0	0	0	0	0	0	0	0	0	0	0	0	1	0	0
1394	852048000.0	0	0	0	0	0	0	0	0	0	0	0	0	0	1	0	0	0	0
1395	883584000.0	0	0	0	0	0	0	0	1	0	0	0	0	0	0	0	0	0	0
1396	838310400.0	0	0	0	0	0	0	0	1	0	0	0	0	0	0	0	0	0	0
1397	-1136102400.0	0	0	0	0	0	0	0	1	0	0	0	0	0	0	0	0	0	0
1398	847814400.0	0	0	0	0	0	0	0	1	0	0	0	0	0	0	0	0	0	0
1399	852048000.0	0	0	0	0	0	0	0	0	0	0	0	0	0	0	0	1	0	0
1400	788889600.0	0	0	0	0	0	0	0	1	0	0	0	0	0	1	0	0	0	0
1401	725817600.0	0	0	0	0	0	0	0	1	0	0	0	0	0	0	0	0	0	0
1402	725817600.0	0	0	0	0	0	0	0	1	0	0	0	0	0	0	0	0	0	0
1403	757353600.0	0	0	0	0	1	0	0	1	0	0	0	0	0	0	0	0	0	0
1404	536428800.0	0	0	0	0	1	0	0	0	0	0	0	0	0	0	0	0	0	0
1405	857664000.0	0	0	0	0	0	0	0	1	0	0	0	0	0	0	0	0	0	0
1406	788889600.0	0	0	0	0	0	0	0	1	0	0	0	0	0	1	0	0	0	0
1407	757353600.0	1	0	0	0	0	0	0	0	0	0	0	0	0	0	0	0	0	0
1408	788889600.0	0	0	0	0	1	0	0	0	0	0	0	0	0	0	0	0	0	0
1409	757353600.0	0	0	1	1	0	0	0	0	0	0	0	0	0	0	0	0	0	0
1410	725817600.0	0	0	0	0	0	0	0	1	0	0	0	0	0	0	0	0	0	0
1411	-63187200.0	0	1	0	0	0	0	0	0	0	0	0	0	0	0	1	0	0	0
1412	788889600.0	0	0	1	1	0	0	0	0	0	0	0	0	0	0	0	0	0	0
1413	757353600.0	1	0	0	0	0	0	0	0	0	0	0	0	0	0	0	0	0	0
1414	788889600.0	1	0	0	0	0	0	0	0	0	0	0	0	0	0	0	0	0	0
1415	757353600.0	1	0	0	1	0	0	0	0	0	0	0	0	0	0	0	0	0	0
1416	757353600.0	1	0	0	0	0	0	0	0	0	0	0	0	0	0	1	0	0	0
1417	862502400.0	0	0	0	0	0	0	0	1	0	0	0	0	0	0	0	0	0	0
1418	725817600.0	0	0	0	0	0	0	0	1	0	0	0	0	0	0	0	0	0	0
1419	757353600.0	1	0	0	0	0	0	0	0	0	0	0	0	0	0	1	0	0	0
1420	852048000.0	0	0	0	0	1	0	0	0	0	0	0	0	0	0	0	0	0	0
1421	725817600.0	0	0	0	0	0	0	0	1	0	0	0	0	0	0	0	0	0	0
1422	725817600.0	0	0	0	0	0	0	0	0	0	1	0	0	0	0	0	1	0	0
1423	788889600.0	0	0	0	0	0	0	0	1	0	0	0	0	0	0	0	0	1	0
1424	757353600.0	0	0	0	0	1	0	0	1	0	0	0	0	0	1	0	0	0	0
1425	757353600.0	0	0	0	0	1	0	0	1	0	0	0	0	0	0	0	0	0	0
1426	842544000.0	0	0	0	0	1	0	0	1	0	0	0	0	0	0	0	0	0	0
1427	846777600.0	0	0	0	0	0	0	0	1	0	0	0	0	0	0	0	0	0	0
1428	855244800.0	0	0	0	0	1	0	0	0	0	0	0	0	0	0	0	0	0	0
1429	883584000.0	0	0	0	0	0	0	0	1	0	0	0	0	0	1	0	0	0	0
1430	852048000.0	0	0	0	0	0	0	0	1	0	0	0	0	0	0	0	0	0	0
1431	852048000.0	0	0	0	0	0	0	0	0	0	0	0	0	0	0	0	1	0	0
1432	907862400.0	0	0	0	0	0	0	0	1	0	0	0	0	0	0	0	0	0	0
1433	852048000.0	1	0	0	0	0	0	0	1	0	0	0	0	0	0	0	0	0	0
1434	884880000.0	0	0	0	0	0	0	0	0	0	0	0	0	0	1	0	0	0	0
1435	788889600.0	0	0	0	0	1	0	0	0	0	0	0	0	0	0	0	0	0	0
1436	725817600.0	0	0	0	0	0	0	0	1	0	0	0	0	0	1	0	0	0	0
1437	757353600.0	0	0	0	0	1	0	0	0	0	0	0	0	0	0	0	0	0	0
1438	788889600.0	0	0	0	0	0	0	0	1	0	0	0	0	0	0	0	0	0	0
1439	757353600.0	0	0	0	0	0	1	0	1	0	0	0	0	0	0	0	0	0	0
1440	757353600.0	0	0	0	0	0	0	0	1	0	0	0	0	0	0	0	0	0	0
1441	788889600.0	0	0	0	0	0	0	0	1	0	0	0	0	0	1	0	0	0	0
1442	788889600.0	0	0	0	0	0	0	0	1	0	0	0	0	0	0	0	0	0	0
1443	757353600.0	0	0	0	0	0	0	0	1	0	0	0	0	0	0	0	0	0	0
1444	-157795200.0	0	0	0	1	1	0	0	0	0	0	0	0	1	0	0	0	0	0
1445	757353600.0	0	0	0	0	0	0	0	1	0	0	0	0	0	0	0	0	0	0
1446	788889600.0	0	0	0	0	1	0	0	0	0	0	0	0	0	0	0	0	0	0
1447	725817600.0	0	0	0	0	0	0	0	1	0	0	0	0	0	0	0	0	0	0
1448	829843200.0	0	0	0	0	0	0	0	1	0	0	0	0	0	0	0	0	0	0
1449	827424000.0	0	0	0	0	0	0	0	1	0	0	0	0	0	0	0	0	0	0
1450	-725875200.0	0	1	0	0	0	0	0	0	0	0	0	0	0	1	0	0	0	0
1451	-946800000.0	0	0	0	0	0	0	0	0	0	0	0	0	0	0	0	1	0	0
1452	-852109200.0	0	0	0	0	1	0	0	0	0	0	0	0	1	0	0	0	0	0
1453	-757411200.0	0	0	0	0	0	1	0	1	0	0	0	0	0	0	0	0	0	0
1454	-725875200.0	0	0	0	0	0	0	0	0	0	0	0	0	0	0	0	0	0	1
1455	-852109200.0	0	0	0	0	0	0	0	0	0	0	0	0	0	0	0	0	0	1
1456	-504950400.0	0	0	0	0	1	0	0	1	0	0	0	0	0	0	0	0	0	0
1457	844963200.0	0	0	0	0	1	0	0	1	0	0	0	0	0	0	0	0	0	0
1458	-1041408000.0	0	0	0	0	1	0	0	0	0	0	0	1	0	1	0	0	0	0
1459	843148800.0	0	0	0	0	0	0	0	0	0	0	0	1	0	0	0	0	0	0
1460	846172800.0	0	0	0	0	1	0	0	1	0	0	0	0	0	0	0	0	0	0
1461	-1104566400.0	0	0	0	0	1	0	0	0	0	0	0	0	0	0	0	0	0	0
1462	851443200.0	0	0	0	0	0	1	0	1	0	0	0	0	0	1	0	0	0	0
1463	852048000.0	0	0	0	0	1	0	0	0	0	0	0	0	0	0	0	0	0	0
1464	788889600.0	0	0	0	0	0	0	0	1	0	0	0	0	0	0	0	0	0	0
1465	788889600.0	0	0	0	0	1	0	0	1	0	0	0	0	0	0	0	0	0	0
1466	788889600.0	0	0	0	0	0	0	0	1	0	0	0	0	0	0	0	0	0	0
1467	725817600.0	0	0	0	0	0	0	0	1	0	0	0	0	0	0	0	0	0	0
1468	788889600.0	0	0	0	0	0	0	0	1	0	0	0	0	0	0	0	0	0	0
1469	788889600.0	0	1	0	1	0	0	0	0	0	0	0	0	0	0	0	0	0	0
1470	788889600.0	0	0	1	1	0	0	0	0	0	0	0	0	0	0	0	0	0	0
1471	788889600.0	0	0	0	0	0	0	0	0	0	0	0	0	0	0	0	1	0	0
1472	837705600.0	0	0	0	0	1	0	0	0	0	0	0	0	0	0	1	0	0	0
1473	-978336000.0	0	0	0	1	0	0	0	1	0	0	0	0	0	0	0	0	0	0
1474	757353600.0	0	0	0	0	1	0	0	0	0	0	0	0	0	1	0	0	0	0
1475	725817600.0	0	0	0	0	1	0	0	1	0	0	0	0	0	0	0	0	0	0
1476	-694339200.0	0	0	0	0	0	0	0	0	0	1	0	0	0	0	0	0	0	0
1477	861638400.0	0	0	0	0	0	0	0	0	0	0	1	0	0	0	0	1	0	0
1478	788889600.0	1	0	0	0	0	1	0	1	0	0	0	0	0	0	0	0	0	0
1479	788889600.0	0	0	0	0	1	0	0	0	0	0	0	0	0	0	0	0	0	0
1480	126201600.0	0	1	0	1	1	0	0	0	0	0	0	0	0	0	0	0	0	0
1481	757353600.0	0	0	0	0	0	0	0	1	0	0	0	0	0	0	0	0	0	0
1482	831657600.0	0	0	0	0	0	0	1	0	0	0	0	0	0	0	0	0	0	0
1483	890064000.0	1	0	0	0	0	0	0	1	0	0	0	0	0	1	0	0	0	0
1484	757353600.0	1	0	0	0	1	0	0	0	0	0	0	0	0	0	0	0	0	0
1485	757353600.0	0	0	0	0	0	0	0	1	0	0	0	0	0	1	0	0	1	0
1486	788889600.0	0	0	0	0	0	0	0	1	0	0	0	0	0	0	0	0	0	0
1487	725817600.0	0	0	0	0	1	0	0	0	0	0	0	0	0	1	0	0	0	0
1488	725817600.0	0	0	0	0	0	0	0	1	0	0	0	0	0	0	0	0	0	0
1489	757353600.0	0	0	0	0	1	0	0	0	0	0	0	0	0	0	0	0	0	0
1490	725817600.0	0	0	0	0	1	0	0	0	0	0	0	0	0	0	0	0	0	0
1491	788889600.0	1	0	0	0	0	0	0	1	0	0	0	0	0	0	0	1	0	0
1492	757353600.0	0	0	0	0	1	0	0	0	0	0	0	0	0	0	0	0	0	0
1493	841939200.0	0	0	0	0	0	0	0	0	0	0	0	0	0	1	0	0	0	0
1494	829843200.0	0	0	0	0	1	0	0	0	0	0	0	0	0	0	0	0	0	0
1495	839347200.0	0	0	0	0	0	0	0	1	0	0	0	0	0	0	0	0	0	0
1496	840729600.0	0	0	0	0	1	1	0	0	0	0	0	0	0	0	0	0	0	0
1497	844963200.0	0	0	0	0	0	0	1	0	0	0	0	0	0	0	0	0	0	0
1498	852825600.0	0	0	0	0	1	0	0	0	0	0	0	0	0	0	0	0	0	0
1499	757353600.0	0	0	0	0	1	0	0	0	0	0	0	0	0	0	0	0	0	0
1500	847382400.0	0	0	0	0	1	0	0	0	0	0	0	0	0	0	0	0	0	0
1501	854640000.0	0	0	0	0	0	0	0	0	0	0	0	0	0	0	0	0	1	0
1502	757353600.0	0	0	0	0	1	0	0	0	0	0	0	0	0	1	0	0	0	0
1503	788889600.0	0	1	0	1	0	0	0	0	0	0	0	0	0	0	0	0	0	0
1504	837100800.0	0	0	0	0	1	0	0	0	0	0	0	0	0	0	0	0	0	0
1505	841939200.0	0	0	0	0	0	1	0	1	0	0	0	0	0	0	0	0	0	0
1506	829238400.0	0	0	0	0	0	0	0	1	0	0	0	0	0	0	0	0	0	0
1507	844963200.0	0	0	0	0	1	0	0	0	0	0	0	0	0	0	0	0	0	0
1508	788889600.0	0	0	0	0	0	0	0	1	0	0	0	0	0	0	0	1	0	0
1509	757353600.0	0	0	0	0	1	0	0	0	0	0	0	0	0	0	0	0	0	0
1510	847382400.0	0	0	0	0	0	1	0	0	0	0	0	0	0	0	0	0	0	0
1511	862416000.0	0	0	0	0	1	0	0	0	0	0	0	0	0	0	0	0	0	0
1512	828633600.0	0	0	0	0	0	0	0	1	0	0	0	0	0	0	0	0	0	0
1513	863539200.0	0	0	0	0	1	0	0	0	0	0	0	0	0	0	0	0	0	0
1514	866736000.0	0	0	0	0	0	0	0	1	0	0	0	0	0	0	0	0	0	0
1515	788889600.0	0	1	0	0	0	0	0	0	0	0	0	0	0	1	0	0	0	0
1516	757353600.0	0	0	0	0	0	0	0	1	0	0	0	0	0	0	0	0	0	0
1517	820425600.0	0	0	0	0	0	0	0	1	0	0	0	0	0	0	0	0	0	0
1518	788889600.0	0	0	0	0	0	0	0	1	0	0	0	0	0	0	0	0	0	0
1519	788889600.0	0	0	0	0	0	1	0	1	0	0	0	0	0	0	0	0	0	0
1520	788889600.0	0	0	0	0	0	0	0	0	0	0	1	0	0	0	0	0	0	0
1521	725817600.0	0	0	0	0	1	0	0	0	0	0	0	0	0	1	0	0	0	0
1522	757353600.0	0	0	0	0	0	0	0	0	0	0	0	0	0	0	0	1	0	0
1523	757353600.0	1	1	0	0	0	0	0	0	0	0	0	0	0	0	0	0	0	0
1524	834076800.0	0	0	0	0	0	0	0	1	0	0	0	0	0	0	0	0	0	0
1525	890323200.0	0	0	0	0	1	0	0	0	0	0	0	0	0	1	0	0	0	0
1526	473356800.0	0	0	0	0	0	0	0	1	0	0	0	0	0	1	0	1	0	0
1527	884275200.0	0	0	0	0	1	0	0	0	0	0	0	0	0	0	0	0	0	0
1528	863107200.0	0	0	0	0	0	0	0	1	0	0	0	0	0	0	0	0	0	0
1529	828028800.0	0	0	0	0	0	0	0	0	0	0	0	0	0	0	0	0	1	0
1530	788889600.0	0	0	0	0	0	0	0	1	0	0	0	0	0	0	0	0	0	0
1531	788889600.0	0	1	0	1	0	0	0	0	0	0	0	0	0	0	0	0	0	0
1532	757353600.0	0	0	0	0	0	0	0	1	0	0	0	0	0	0	0	0	0	0
1533	725817600.0	0	0	0	0	0	0	0	1	0	0	0	0	0	0	0	0	0	0
1534	864921600.0	0	0	0	0	1	1	0	0	0	0	0	0	0	0	0	0	0	0
1535	757353600.0	0	0	0	0	0	0	0	1	0	0	0	0	0	0	0	0	0	0
1536	837964800.0	0	0	0	0	0	0	0	1	0	0	0	0	0	0	0	0	0	0
1537	860688000.0	0	0	0	0	1	0	0	0	0	0	0	0	0	0	0	0	0	0
1538	861897600.0	0	0	0	0	0	0	0	1	0	0	0	0	0	0	0	0	0	0
1539	725817600.0	0	0	0	0	0	0	0	1	0	0	0	0	0	0	0	0	0	0
1540	788889600.0	0	1	0	1	0	0	0	0	0	0	0	0	0	0	0	0	0	0
1541	757353600.0	0	0	0	0	0	0	0	1	0	0	0	0	0	0	0	0	0	0
1542	-1388563200.0	0	0	0	0	0	0	0	1	0	0	0	0	0	0	0	0	0	0
1543	845568000.0	0	0	0	0	0	0	0	1	0	0	0	0	0	0	0	0	0	0
1544	788889600.0	0	0	0	0	1	0	0	0	0	0	0	0	0	0	0	0	0	0
1545	788889600.0	0	0	0	0	0	0	0	1	0	0	0	0	0	1	0	0	0	0
1546	567964800.0	0	0	0	0	0	0	0	1	0	0	0	0	0	0	0	0	0	0
1547	788889600.0	0	0	0	0	0	0	1	0	0	0	0	0	0	0	0	0	0	0
1548	788889600.0	1	0	0	0	0	0	0	0	0	0	0	0	0	0	0	1	0	0
1549	788889600.0	0	0	0	0	0	0	0	0	0	0	0	0	0	0	0	1	0	0
1550	788889600.0	0	0	0	0	1	0	0	0	0	0	0	0	0	0	0	0	0	0
1551	757353600.0	0	0	0	0	0	0	0	1	0	0	0	0	0	0	0	0	0	0
1552	788889600.0	1	0	0	0	0	0	0	0	0	0	0	0	0	0	0	0	0	0
1553	788889600.0	0	0	0	0	0	0	0	0	0	0	0	0	1	0	0	1	0	0
1554	757353600.0	0	0	0	0	0	0	0	1	0	0	0	0	0	0	0	0	0	0
1555	725817600.0	0	1	0	1	0	0	0	0	0	0	0	0	0	0	0	0	0	0
1556	788889600.0	1	0	0	0	0	0	0	1	0	0	0	0	0	0	0	1	0	0
1557	824400000.0	0	0	0	0	1	0	0	1	0	0	0	0	0	0	0	0	0	0
1558	828028800.0	0	0	0	0	0	0	0	1	0	0	0	0	0	0	0	0	0	0
1559	757353600.0	1	0	0	0	0	0	0	1	0	0	0	0	0	0	0	1	0	0
1560	347126400.0	0	0	0	0	0	1	0	0	0	0	0	0	0	0	0	0	0	0
1561	757353600.0	0	0	0	0	0	0	1	1	0	0	0	0	0	0	0	0	0	0
1562	725817600.0	0	0	0	0	0	0	1	0	0	0	0	0	0	0	0	0	0	0
1563	757353600.0	0	0	0	0	0	0	0	0	0	0	0	0	0	1	0	0	0	0
1564	662659200.0	0	0	0	0	0	0	0	1	0	0	0	0	0	0	0	0	0	0
1565	694195200.0	0	0	0	0	0	0	0	1	0	0	0	0	0	0	0	0	0	0
1566	-852109200.0	0	0	0	0	0	0	0	1	0	0	0	0	0	0	0	0	0	0
1567	694195200.0	0	0	0	0	1	0	0	0	0	0	0	0	0	0	0	0	0	0
1568	694195200.0	0	0	0	0	1	0	0	0	0	0	0	0	0	1	0	0	0	0
1569	536428800.0	0	0	0	0	1	0	0	1	0	0	0	0	0	0	0	0	0	0
1570	694195200.0	0	0	0	0	1	0	0	0	0	0	0	0	0	0	0	0	0	0
1571	94665600.0	0	0	0	0	0	0	0	1	0	0	0	0	0	0	0	0	0	0
1572	378662400.0	0	0	0	0	0	0	0	1	0	0	0	0	0	0	0	0	0	0
1573	-63187200.0	0	0	0	0	0	0	0	0	0	0	1	0	0	0	0	0	0	0
1574	788889600.0	0	0	0	0	0	0	0	0	0	0	0	0	0	0	0	0	1	0
1575	631123200.0	0	0	0	0	0	0	0	1	0	0	0	0	0	0	0	0	0	0
1576	536428800.0	0	0	0	0	0	0	0	0	1	0	0	0	0	0	0	0	0	0
1577	-441878400.0	0	0	0	0	0	0	0	1	0	0	0	0	0	0	0	0	0	0
1578	-94723200.0	0	0	0	0	0	0	0	1	0	0	0	0	0	0	0	0	0	0
1579	567964800.0	0	0	0	0	0	0	0	0	0	0	0	0	0	0	0	1	0	0
1580	-1167638400.0	0	0	0	0	0	0	0	0	0	0	0	0	0	1	0	0	0	0
1581	-631180800.0	0	0	0	0	0	0	0	0	0	0	0	0	1	0	0	0	0	0
1582	-725875200.0	0	0	0	0	0	0	0	0	0	1	0	0	0	0	0	0	0	0
1583	504892800.0	0	0	0	0	0	0	0	1	0	0	0	0	0	0	0	0	0	0
1584	-757411200.0	0	0	0	0	0	0	0	1	0	0	0	0	0	0	0	0	0	0
1585	631123200.0	0	0	0	0	0	0	1	0	0	0	0	0	0	0	0	0	0	0
1586	694195200.0	1	0	0	0	0	1	0	1	0	0	0	0	0	0	0	0	0	0
1587	-378720000.0	0	0	0	0	0	0	0	0	0	0	0	0	0	0	0	0	0	1
1588	856454400.0	0	0	0	0	1	0	0	1	0	0	0	0	0	0	0	0	0	0
1589	864316800.0	0	0	0	0	1	0	0	0	0	0	0	0	0	0	0	0	0	0
1590	865526400.0	0	0	0	0	0	0	0	1	0	0	0	0	0	0	0	0	0	0
1591	885312000.0	0	0	0	0	0	0	0	1	0	0	0	0	0	0	0	0	0	0
1592	886089600.0	0	0	0	0	0	0	0	1	0	0	0	0	0	0	0	0	0	0
1593	840124800.0	0	0	0	0	1	0	0	0	0	0	0	0	0	0	0	0	0	0
1594	889459200.0	0	0	0	0	0	0	1	0	0	0	0	0	0	0	0	0	0	0
1595	823795200.0	1	0	0	0	0	0	0	0	0	0	0	0	0	0	0	1	0	0
1596	788889600.0	1	0	0	0	0	0	0	0	0	0	0	0	0	0	1	1	0	0
1597	694195200.0	1	0	0	0	0	0	0	1	0	0	0	0	0	0	0	0	0	0
1598	858268800.0	0	0	0	0	0	1	0	0	0	0	0	0	0	0	0	1	0	0
1599	831657600.0	0	0	0	0	0	0	0	1	0	0	0	0	0	0	0	0	0	0
1600	863712000.0	0	0	0	0	1	0	0	0	0	0	0	0	0	0	0	0	0	0
1601	852048000.0	0	0	0	0	0	0	0	0	0	0	0	0	0	0	0	1	0	0
1602	890323200.0	0	0	0	0	0	0	0	1	0	0	0	0	0	0	0	0	0	0
1603	824400000.0	0	0	0	0	0	0	0	1	0	0	0	0	0	0	0	0	0	0
1604	-694339200.0	0	0	0	0	0	1	0	0	0	1	0	0	0	0	0	1	0	0
1605	868550400.0	0	0	0	0	1	0	0	0	0	0	0	0	0	0	0	0	0	0
1606	852048000.0	0	0	0	0	0	1	0	0	0	0	0	0	0	0	0	0	0	0
1607	883584000.0	0	0	0	0	0	0	0	1	0	0	0	0	0	0	0	0	0	0
1608	865526400.0	0	1	0	1	0	0	0	1	0	0	0	0	0	0	0	0	0	0
1609	859478400.0	0	0	0	0	1	0	0	0	0	0	0	0	0	0	0	0	0	0
1610	862502400.0	1	0	0	0	0	1	0	0	0	0	0	0	0	1	0	0	0	0
1611	863107200.0	0	0	0	0	1	0	0	0	0	0	0	0	0	0	0	0	0	0
1612	884880000.0	0	0	0	0	0	0	0	0	0	0	0	0	0	1	0	0	0	0
1613	887126400.0	1	0	0	0	0	0	0	1	0	0	0	0	0	0	0	0	0	0
1614	-378720000.0	0	0	0	0	1	0	0	1	0	0	0	0	0	0	0	0	0	0
1615	862502400.0	1	1	0	1	0	0	0	0	1	0	0	0	0	0	0	0	0	0
1616	788889600.0	0	0	0	0	0	0	0	1	0	0	0	0	0	0	0	0	0	0
1617	852048000.0	0	0	0	0	0	0	0	0	0	0	0	0	0	1	0	0	0	0
1618	631123200.0	1	0	0	0	0	1	0	0	0	0	0	0	0	0	0	0	0	0
1619	826214400.0	0	0	0	0	0	0	0	1	0	0	0	0	0	0	0	0	0	0
1620	859478400.0	0	0	0	0	1	0	0	0	0	0	0	0	0	0	0	0	0	0
1621	830448000.0	0	0	0	0	0	0	0	0	0	0	0	0	0	0	0	1	0	0
1622	725817600.0	0	0	0	0	1	0	0	0	0	0	0	0	0	0	0	0	0	0
1623	851011200.0	0	0	0	0	0	0	0	1	0	0	0	0	0	0	0	0	0	0
1624	889459200.0	0	0	0	0	0	0	0	0	0	0	0	0	0	0	0	1	0	0
1625	861638400.0	0	0	0	0	0	0	0	0	0	0	1	0	0	0	0	1	0	0
1626	823795200.0	0	0	0	0	1	0	0	1	0	0	0	0	0	0	0	0	0	0
1627	838310400.0	0	0	0	0	1	0	0	1	0	0	0	0	0	0	0	0	0	0
1628	757353600.0	0	0	0	0	0	0	0	1	0	0	0	0	0	0	0	0	0	0
1629	788889600.0	0	0	0	0	0	0	1	0	0	0	0	0	0	0	0	0	0	0
1630	823190400.0	0	0	0	0	0	0	0	1	0	0	0	0	0	0	0	0	0	0
1631	725817600.0	0	0	0	0	1	0	0	1	0	0	0	0	0	0	0	0	0	0
1632	828028800.0	0	0	0	0	0	0	0	0	0	0	0	0	0	0	0	0	1	0
1633	826214400.0	0	0	0	0	1	0	0	1	0	0	0	0	0	0	0	0	0	0
1634	829843200.0	0	0	0	0	0	0	0	1	0	0	0	0	0	0	0	0	0	0
1635	514828800.0	0	0	0	0	0	0	0	1	0	0	0	0	0	0	0	0	0	0
1636	830448000.0	0	0	0	0	0	0	0	1	0	0	0	0	0	0	0	0	0	0
1637	840729600.0	0	0	0	0	0	0	0	1	0	0	0	0	0	0	0	0	0	0
1638	846172800.0	0	0	0	0	0	1	0	1	0	0	0	0	0	0	0	0	0	0
1639	848592000.0	0	0	0	0	0	0	0	1	0	0	0	0	0	0	0	0	0	0
1640	846777600.0	0	0	0	0	0	0	0	1	0	0	0	0	0	0	0	0	0	0
1641	842976000.0	0	0	0	0	0	0	1	0	0	0	0	0	0	0	0	0	0	0
1642	851616000.0	0	0	0	0	0	0	0	1	0	0	0	0	0	0	0	0	0	0
1643	852825600.0	0	0	0	0	0	0	0	1	0	0	0	0	0	0	0	0	0	0
1644	866131200.0	0	0	0	0	1	0	0	0	0	0	0	0	0	0	0	0	0	0
1645	883584000.0	0	0	0	0	0	0	0	1	0	0	0	0	0	0	0	0	0	0
1646	889113600.0	1	0	0	0	0	0	0	1	0	0	0	0	0	0	0	0	0	0
1647	890323200.0	0	0	0	0	1	1	0	1	0	0	0	0	0	0	0	0	0	0
1648	890323200.0	0	0	0	0	0	0	0	1	0	0	0	0	0	0	0	0	0	0
1649	890928000.0	0	0	0	0	1	0	1	0	0	0	0	0	0	0	0	0	0	0
1650	883584000.0	0	0	0	0	0	0	0	1	0	0	0	0	0	0	0	0	0	0
1651	890928000.0	0	0	0	0	0	0	0	1	0	0	0	0	0	0	0	1	0	0
1652	866131200.0	0	0	0	0	0	0	0	0	0	0	0	0	0	1	0	0	0	0
1653	843753600.0	0	0	0	0	0	0	0	1	0	0	0	0	0	0	0	0	0	0
1654	883584000.0	0	0	0	0	1	0	0	0	0	0	0	0	0	0	0	0	0	0
1655	757353600.0	0	0	0	0	1	0	0	0	0	0	0	0	0	1	0	0	0	0
1656	887904000.0	0	0	0	0	1	0	0	0	0	0	0	0	0	1	0	0	0	0
1657	825436800.0	1	0	0	0	0	0	0	1	0	0	0	0	0	0	0	0	0	0
1658	849801600.0	0	0	0	0	0	0	0	1	0	0	0	0	0	0	0	0	0	0
1659	829238400.0	0	0	0	0	1	0	0	0	0	0	0	0	0	0	0	0	0	0
1660	839520000.0	0	0	0	0	0	0	0	1	0	0	0	0	0	0	0	0	0	0
1661	757353600.0	0	0	0	0	0	0	0	1	0	0	0	0	0	0	0	0	0	0
1662	864921600.0	0	0	0	0	0	0	0	1	0	0	0	0	0	1	0	0	0	0
1663	862329600.0	0	0	0	0	0	0	0	1	0	0	0	0	0	0	0	0	1	0
1664	861292800.0	0	0	0	0	1	0	0	0	0	0	0	0	0	0	0	0	0	0
1665	861897600.0	0	0	0	0	0	0	0	1	0	0	0	0	0	0	0	0	0	0
1666	862502400.0	0	0	0	0	0	0	0	1	0	0	0	0	0	0	0	0	0	0
1667	866131200.0	0	0	0	0	0	0	0	1	0	0	0	0	0	0	0	0	0	0
1668	866131200.0	0	0	0	0	1	0	0	0	0	0	0	0	0	0	0	0	0	0
1669	866736000.0	0	0	0	0	0	1	0	1	0	0	0	0	1	0	0	0	0	0
1670	886262400.0	0	0	0	0	1	0	0	0	0	0	0	0	0	0	0	1	0	0
1671	887904000.0	0	0	0	0	0	0	0	1	0	0	0	0	0	0	0	0	0	0
1672	725817600.0	0	0	0	0	0	0	0	1	0	0	0	0	0	0	0	0	0	0
1673	788889600.0	1	0	0	0	0	0	0	0	0	0	0	0	0	0	0	1	0	0
1674	-252489600.0	0	0	0	0	0	0	0	1	0	0	0	0	0	0	0	0	0	0
1675	846172800.0	0	0	0	0	0	0	0	1	0	0	0	0	0	0	0	0	0	0
1676	820425600.0	0	0	0	0	0	0	0	1	0	0	0	0	0	0	0	0	0	0
1677	843148800.0	0	0	0	0	0	0	0	1	0	0	0	0	0	0	0	0	0	0
1678	886694400.0	0	0	0	0	0	0	0	1	0	0	0	0	0	0	0	0	0	0
1679	886694400.0	0	0	0	0	0	0	0	0	0	0	0	0	0	1	0	1	0	0
1680	883584000.0	0	0	0	0	0	0	0	1	0	0	0	0	0	1	0	0	0	0
1681	757353600.0	0	0	0	0	1	0	0	0	0	0	0	0	0	0	0	0	0	0
1682	826214400.0	0	0	0	0	0	0	0	1	0	0	0	0	0	0	0	0	0	0
