(mean,stand)

[1.41900000e-01 2.76489000e+00 1.45494000e+00 3.41649000e+00
 8.91310100e+01 1.20244229e+04 4.96493263e+04 1.32830602e+03
 1.64125260e+04 1.27164917e+03 2.52711540e+03 1.18072681e+03
 3.49986033e+03 1.20622909e+03 1.68196160e+02 1.97378500e+01
 6.55865000e+00 1.07977000e+00 7.17740023e-01 5.31860485e-01
 4.01318657e-01 1.08059124e+04 1.37007229e+03 3.34992789e+03
 1.31444132e+03 5.09621880e+02 1.18217997e+03 8.98539500e+02
 2.83424320e+02 3.99004400e+01 5.16797000e+00 1.35941000e+00
 0.00000000e+00 2.60931421e+04 1.33432233e+03 8.18998762e+03
 1.27679907e+03 1.25178771e+03 1.18321788e+03 1.84239671e+03
 5.97872900e+02 8.19491100e+01 1.09542800e+01 3.03818000e+00
 0.00000000e+00 3.90053132e+04 1.33483476e+03 1.22466687e+04
 1.27837867e+03 1.85710692e+03 1.18523939e+03 2.94579968e+03
 9.55618020e+02 1.31514920e+02 1.76710400e+01 4.90241000e+00
 0.00000000e+00 8.77204224e+03 1.34380718e+03 2.75554004e+03
 1.28690541e+03 4.21939710e+02 1.18658134e+03 6.11670310e+02
 1.99503420e+02 2.74738300e+01 3.62413000e+00 1.01161000e+00
 0.00000000e+00]
[1.41900000e-01 2.76489000e+00 1.45494000e+00 3.41649000e+00
 8.91310100e+01 1.20244229e+04 4.96493263e+04 1.32830602e+03
 1.64125260e+04 1.27164917e+03 2.52711540e+03 1.18072681e+03
 3.49986033e+03 1.20622909e+03 1.68196160e+02 1.97378500e+01
 6.55865000e+00 1.07977000e+00 7.17740023e-01 5.31860485e-01
 4.01318657e-01 1.08059124e+04 1.37007229e+03 3.34992789e+03
 1.31444132e+03 5.09621880e+02 1.18217997e+03 8.98539500e+02
 2.83424320e+02 3.99004400e+01 5.16797000e+00 1.35941000e+00
 0.00000000e+00 2.60931421e+04 1.33432233e+03 8.18998762e+03
 1.27679907e+03 1.25178771e+03 1.18321788e+03 1.84239671e+03
 5.97872900e+02 8.19491100e+01 1.09542800e+01 3.03818000e+00
 0.00000000e+00 3.90053132e+04 1.33483476e+03 1.22466687e+04
 1.27837867e+03 1.85710692e+03 1.18523939e+03 2.94579968e+03
 9.55618020e+02 1.31514920e+02 1.76710400e+01 4.90241000e+00
 0.00000000e+00 8.77204224e+03 1.34380718e+03 2.75554004e+03
 1.28690541e+03 4.21939710e+02 1.18658134e+03 6.11670310e+02
 1.99503420e+02 2.74738300e+01 3.62413000e+00 1.01161000e+00
 0.00000000e+00]
